////////////////////////////////////////////////////////////////////////////////					Flag							
// 	[Text Ver]	1.1.8.0										
//	[작업자]	박혜진										
//	[작업일]	2016-09-08 01:45 pm										
//	[작업 내용]	닉시스 호수 게이트 추가										
////////////////////////////////////////////////////////////////////////////////												
//GateNumber	Flag	MapNumber	x	y	x2	y2	Target gate	Dir	MinLevel	MaxLevel	GoToGate	
0	0	0	0	0	0	0	0	0	0	0	17	// 
//일반 필드												
1	0	0	121	232	123	233	2	0	20	-1	-1	
2	0	1	107	247	110	247	0	1	20	-1	17	//
										 		
3	0	1	108	248	109	248	4	0	0	-1	-1	
4	0	0	121	231	123	231	0	1	0	-1	-1	//
										 		
5	0	1	239	149	239	150	6	0	20	-1	-1	
6	0	1	231	126	234	127	0	1	20	-1	-1	//
										 		
7	0	1	232	127	233	128	8	0	20	-1	-1	
8	0	1	240	148	241	151	0	3	20	-1	-1	//
										 		
9	0	1	2	17	2	18	10	0	20	-1	-1	
10	0	1	3	83	4	86	0	3	20	-1	-1	//
										 		
11	0	1	2	84	2	85	12	0	20	-1	-1	
12	0	1	3	16	6	17	0	3	20	-1	-1	//
										 		
13	0	1	5	34	6	34	14	0	20	-1	-1	
14	0	1	29	125	30	126	0	1	20	-1	-1	//
										 		
15	0	1	29	127	30	127	16	0	20	-1	-1	
16	0	1	5	32	7	33	0	1	20	-1	-1	//
										 		
17	0	0	133	118	151	135	0	0	0	-1	-1	//
										 		
18	0	0	5	38	6	41	19	0	10	-1	-1	
19	0	2	242	34	243	37	0	7	10	-1	22	//
										 		
20	0	2	244	34	245	37	21	0	0	-1	-1	
21	0	0	7	38	8	41	0	3	0	-1	-1	//
										 		
22	0	2	197	35	218	50	0	0	10	-1	-1	//
										 		
23	0	0	213	246	217	247	24	0	10	-1	-1	
24	0	3	150	9	153	10	0	5	10	-1	27	//
										 		
25	0	3	150	6	153	7	26	0	10	-1	-1	
26	0	0	213	244	217	245	0	1	10	-1	-1	//
												
27	0	3	171	108	177	117	0	0	0	-1	-1	//
										 		
28	0	2	4	247	5	248	29	0	40	-1	-1	
29	0	4	162	2	166	3	0	5	40	-1	42	//
										 		
30	0	4	190	6	191	8	31	0	40	-1	-1	
31	0	4	241	237	244	238	0	1	40	-1	-1	//
										 		
32	0	4	166	163	167	166	33	0	40	-1	-1	
33	0	4	86	166	87	168	0	3	40	-1	-1	//
										 		
34	0	4	132	245	135	246	35	0	50	-1	-1	
35	0	4	87	86	88	89	0	3	50	-1	-1	//
										 		
36	0	4	132	135	135	136	37	0	50	-1	-1	
37	0	4	128	53	131	54	0	1	50	-1	-1	//
										 		
38	0	4	131	15	132	18	39	0	50	-1	-1	
39	0	4	52	53	55	54	0	1	50	-1	-1	//
										 		
40	0	4	6	5	7	8	41	0	50	-1	-1	
41	0	4	8	85	9	87	0	1	50	-1	-1	//
										 		
42	0	4	203	70	213	81	0	0	40	-1	-1	//
										 		
43	0	4	162	0	166	1	44	0	10	-1	-1	//
44	0	2	5	244	7	246	0	2	10	-1	-1	
										 		
45	0	3	242	240	245	243	46	0	50	220	-1	
46	0	7	14	12	15	13	0	3	50	220	49	//
										 		
47	0	7	9	9	11	12	48	0	50	-1	-1	
48	0	3	240	240	241	243	0	7	50	-1	-1	//
										 		
49	0	7	15	11	27	23	0	0	50	-1	-1	//
										 		
50	0	6	72	140	73	181	0	0	0	-1	-2	//
51	0	6	59	153	59	153	0	0	0	-1	-2	//
52	0	6	59	164	59	165	0	0	0	-1	-2	//
												
//45	0	0	150	144	150	144	46	0	0	-1	-1	
//6	0	5	90	134	90	134	0	2	0	-1	-1	//
												
//47	0	5	91	133	91	133	48	0	0	-1	-1	
//48	0	0	149	144	149	144	0	2	0	-1	-1	//
												
53	0	7	14	225	15	230	54	0	130	-1	-1	
54	0	8	248	40	251	44	0	7	0	-1	57	//
												
55	0	8	246	40	247	44	56	0	130	220	-1	
56	0	7	16	225	17	230	0	3	0	220	-1	//
												
57	0	8	189	63	205	72	0	0	60	-1	-1	//
												
//광장												
58	0	9	133	91	141	99	0	0	10	-1	-2	
59	0	9	135	162	142	170	0	0	10	-1	-2	
60	0	9	62	150	70	158	0	0	10	-1	-2	
61	0	9	66	84	74	92	0	0	10	-1	-2	
												
62	0	4	17	250	19	250	63	0	150	-1	-1	
63	0	10	14	13	16	13	0	5	150	-1	22	//
												
64	0	10	14	12	16	12	65	0	50	-1	-1	
65	0	4	17	249	19	249	0	1	50	-1	-1	//
												
66	0	11	12	5	14	10	0	0	0	-1	-2	//
67	0	12	12	5	14	10	0	0	0	-1	-2	//
68	0	13	12	5	14	10	0	0	0	-1	-2	//
69	0	14	12	5	14	10	0	0	0	-1	-2	//
70	0	15	12	5	14	10	0	0	0	-1	-2	//
71	0	16	12	5	14	10	0	0	0	-1	-2	//
80	0	17	12	5	14	10	0	0	0	-1	-2	//
												
//확장_04년 4월 28일_카오스캐슬 이벤트												
82	0	18	31	88	36	95	0	0	0	-1	-2	//
83	0	19	31	88	36	95	0	0	0	-1	-2	//
84	0	20	31	88	36	95	0	0	0	-1	-2	//
85	0	21	31	88	36	95	0	0	0	-1	-2	//
86	0	22	31	88	36	95	0	0	0	-1	-2	//
87	0	23	31	88	36	95	0	0	0	-1	-2	//
												
//확장_04년 1월 13일												
72	0	2	23	27	27	24	0	0	10	-1	-1	//
73	0	2	224	231	227	227	0	0	10	-1	-1	//
74	0	2	69	181	72	178	0	0	10	-1	-1	//
75	0	7	225	53	228	50	0	0	80	-1	-1	//
76	0	7	62	163	68	157	0	0	90	-1	-1	//
77	0	8	96	143	100	146	0	0	130	-1	-1	//
												
//이벤트 황금의 궁수 지역으로 이동_2월 12일 ~ 3월 31일 까지만 적용												
//78	0	0	175	119	177	121	0	0	0	-1	-1	//
												
//칼리마												
88	0	24	10	16	17	22	0	0	0	-1	-2	//
89	0	25	10	16	17	22	0	0	0	-1	-2	//
90	0	26	10	16	17	22	0	0	0	-1	-2	//
91	0	27	10	16	17	22	0	0	0	-1	-2	//
92	0	28	10	16	17	22	0	0	0	-1	-2	//
93	0	29	10	16	17	22	0	0	0	-1	-2	//
116	0	36	10	16	17	22	0	0	0	-1	-2	//
												
//로랜협곡												
94	0	30	88	31	102	46	0	0	0	-1	-2	//
												
96	0	30	93	242	95	243	97	0	0	-1	-2	//
97	0	30	164	198	187	209	0	0	0	-1	-2	//
												
98	0	30	160	203	161	205	99	0	0	-1	-2	//
99	0	30	90	236	99	239	0	0	0	-1	-2	//
												
100	0	30	39	14	142	50	0	0	0	-1	-2	//
105	0	30	72	10	104	199	0	0	0	-1	-2	//
101	0	30	84	180	100	222	0	0	0	-1	-2	//
104	0	30	87	209	100	232	0	0	0	-1	-2	//
106	0	30	131	94	138	92	0	0	0	-1	-2	//
												
109	0	31	59	7	63	8	110	0	0	-1	-2	//
110	0	30	131	94	138	92	0	0	0	-1	-2	//
												
102	0	0	239	14	240	15	103	0	10	-1	-1	//
103	0	30	29	42	30	37	0	0	10	-1	-2	//
												
107	0	30	28	40	28	41	108	0	0	-1	-2	//
108	0	0	235	13	239	13	0	0	0	-1	-1	//
												
111	0	32	133	91	141	99	0	0	10	-1	-2	//
112	0	32	135	162	142	170	0	0	10	-1	-2	//
												
//로랜협곡에 위치한 시련의 땅												
95	0	31	60	10	69	19	0	0	0	-1	-2	//
												
//아이다 맵												
120	0	3	220	30	226	30	113	0	130	-1	-1	//
113	0	33	76	9	78	16	0	0	10	-1	119	//
121	0	33	74	9	74	13	122	0	10	-1	-1	//
122	0	3	220	31	226	34	0	0	10	-1	-1	//
119	0	33	82	8	87	14	0	0	130	-1	-1	//
140	0	33	186	173	190	177	0	0	130	-1	-1	//
												
//크라이울프 1차												
117	0	30	161	37	165	45	114	0	10	-1	-2	//
114	0	34	231	37	234	45	0	0	10	-1	-2	//
123	0	34	239	40	240	44	124	0	10	-1	-2	//
124	0	30	155	37	158	43	0	0	10	-1	-2	//
118	0	34	229	37	239	46	0	0	10	-1	-2	//
												
//크라이울프 2차												
//115	0	35	18	57	27	68	0	0	0	-1	-2	//
												
//칸투르												
125	0	8	6	199	6	201	126	0	150	350	-1	
126	0	37	17	219	21	220	0	0	150	350	126	//타르칸 -> 칸투르 폐허지대
												
127	0	37	17	220	19	222	128	0	130	-1	-1	
128	0	8	7	199	7	201	0	0	130	-1	-1	//칸투르 폐허지대 -> 타르칸
												
129	0	37	89	89	89	92	130	0	290	-1	-1	
130	0	38	70	104	70	107	0	0	290	-1	-1	//칸투르 폐허지대 -> 칸투르 유적지대 
												
131	0	38	69	104	69	107	132	0	150	350	-1	
132	0	37	85	89	86	92	0	0	150	350	-1	//칸투르 유적지대 -> 칸투르 폐허지대
												
133	0	39	196	56	201	57	0	0	290	-1	17	//칸투르 유적지대-> 보스맵 1차
134	0	39	78	93	82	95	0	0	290	-1	-1	//보스맵 1차 -> 보스맵 2차
135	0	39	78	93	82	95	0	0	290	-1	-1	//칸투르 유적지대 -> 보스맵 2차 (보스전 클리어 특전)
136	0	38	137	162	143	163	0	0	290	-1	-1	//보스맵 2차 ->칸투르 유적지대 (보스전 클리어 특전)
137	0	38	71	104	72	107	0	0	290	-1	-1	//보스전 사망 또는 로그아웃시 이동
138	0	37	19	217	21	219	0	0	150	-1	-1	//칸투르 폐허지대(/이동 칸투르폐허). 폐허지대에서 사망 시 강제 이동좌표
139	0	38	71	104	72	107	0	0	290	-1	-1	//칸투르 유적지대(/이동 칸투르유적). 유적지대에서 사망 시 강제 이동좌표
141	0	37	205	36	208	41	0	0	160	-1	-1	//칸투르 폐허지대2 확장(/이동 및 이동창)
												
// 환영사원 이벤트 맵												
142	0	45	98	128	108	137	0	0	0	-1	-2	//제1 환영사원 대기실
143	0	46	98	128	108	137	0	0	0	-1	-2	//제2 환영사원 대기실
144	0	47	98	128	108	137	0	0	0	-1	-2	//제3 환영사원 대기실
145	0	48	98	128	108	137	0	0	0	-1	-2	//제4 환영사원 대기실
146	0	49	98	128	108	137	0	0	0	-1	-2	//제5 환영사원 대기실
147	0	50	98	128	108	137	0	0	0	-1	-2	//제6 환영사원 대기실
												
148	0	45	141	41	146	45	0	0	0	-1	-2	//제1 환영사원 연합군 시작 위치
149	0	46	141	41	146	45	0	0	0	-1	-2	//제2 환영사원 연합군 시작 위치
150	0	47	141	41	146	45	0	0	0	-1	-2	//제3 환영사원 연합군 시작 위치
151	0	48	141	41	146	45	0	0	0	-1	-2	//제4 환영사원 연합군 시작 위치
152	0	49	141	41	146	45	0	0	0	-1	-2	//제5 환영사원 연합군 시작 위치
153	0	50	141	41	146	45	0	0	0	-1	-2	//제6 환영사원 연합군 시작 위치
												
154	0	45	194	124	198	127	0	0	0	-1	-2	//제1 환영사원 환영교단 시작위치
155	0	46	194	124	198	127	0	0	0	-1	-2	//제2 환영사원 환영교단 시작위치
156	0	47	194	124	198	127	0	0	0	-1	-2	//제3 환영사원 환영교단 시작위치
157	0	48	194	124	198	127	0	0	0	-1	-2	//제4 환영사원 환영교단 시작위치
158	0	49	194	124	198	127	0	0	0	-1	-2	//제5 환영사원 환영교단 시작위치
159	0	50	194	124	198	127	0	0	0	-1	-2	//제6 환영사원 환영교단 시작위치
												
// 환영사원 이벤트 맵 포탈												
// 제 1 사원												
//160	0	45	136	100	137	101	161	0	0	-1	-2	// 1번 포탈(上↘) 입구
//161	0	45	170	101	170	103	0	0	0	-1	-2	// 1번 포탈(上↘) 출구
//162	0	45	150	117	152	119	163	0	0	-1	-2	// 2번 포탈(上↙) 입구
//163	0	45	149	84	152	84	0	0	0	-1	-2	// 2번 포탈(上↙) 출구
//164	0	45	149	88	151	89	165	0	0	-1	-2	// 3번 포탈(上↗) 입구
//165	0	45	149	122	151	122	0	0	0	-1	-2	// 3번 포탈(上↗) 출구
//166	0	45	165	101	166	104	167	0	0	-1	-2	// 4번 포탈(上↖) 입구
//167	0	45	132	99	132	103	0	0	0	-1	-2	// 4번 포탈(上↖) 출구
//168	0	45	173	65	174	68	169	0	0	-1	-2	// 5번 포탈(下↘) 입구
//169	0	45	207	65	207	68	0	0	0	-1	-2	// 5번 포탈(下↘) 출구
//170	0	45	186	79	189	81	171	0	0	-1	-2	// 6번 포탈(下↙) 입구
//171	0	45	186	47	189	47	0	0	0	-1	-2	// 6번 포탈(下↙) 출구
//172	0	45	186	51	188	52	173	0	0	-1	-2	// 7번 포탈(下↗) 입구
//173	0	45	186	84	189	84	0	0	0	-1	-2	// 7번 포탈(下↗) 출구
//174	0	45	202	66	203	68	175	0	0	-1	-2	// 8번 포탈(下↖) 입구
//175	0	45	169	65	169	68	0	0	0	-1	-2	// 8번 포탈(下↖) 출구
// 제 2 사원												
//176	0	46	136	100	137	101	177	0	0	-1	-2	// 1번 포탈(上↘) 입구
//177	0	46	170	101	170	103	0	0	0	-1	-2	// 1번 포탈(上↘) 출구
//178	0	46	150	117	152	119	179	0	0	-1	-2	// 2번 포탈(上↙) 입구
//179	0	46	149	84	152	84	0	0	0	-1	-2	// 2번 포탈(上↙) 출구
//180	0	46	149	88	151	89	181	0	0	-1	-2	// 3번 포탈(上↗) 입구
//181	0	46	149	122	151	122	0	0	0	-1	-2	// 3번 포탈(上↗) 출구
//182	0	46	165	101	166	104	183	0	0	-1	-2	// 4번 포탈(上↖) 입구
//183	0	46	132	99	132	103	0	0	0	-1	-2	// 4번 포탈(上↖) 출구
//184	0	46	173	65	174	68	185	0	0	-1	-2	// 5번 포탈(下↘) 입구
//185	0	46	207	65	207	68	0	0	0	-1	-2	// 5번 포탈(下↘) 출구
//186	0	46	186	79	189	81	187	0	0	-1	-2	// 6번 포탈(下↙) 입구
//187	0	46	186	47	189	47	0	0	0	-1	-2	// 6번 포탈(下↙) 출구
//188	0	46	186	51	188	52	189	0	0	-1	-2	// 7번 포탈(下↗) 입구
//189	0	46	186	84	189	84	0	0	0	-1	-2	// 7번 포탈(下↗) 출구
//190	0	46	202	66	203	68	191	0	0	-1	-2	// 8번 포탈(下↖) 입구
//191	0	46	169	65	169	68	0	0	0	-1	-2	// 8번 포탈(下↖) 출구
// 제 3 사원												
//192	0	47	136	100	137	101	193	0	0	-1	-2	// 1번 포탈(上↘) 입구
//193	0	47	170	101	170	103	0	0	0	-1	-2	// 1번 포탈(上↘) 출구
//194	0	47	150	117	152	119	195	0	0	-1	-2	// 2번 포탈(上↙) 입구
//195	0	47	149	84	152	84	0	0	0	-1	-2	// 2번 포탈(上↙) 출구
//196	0	47	149	88	151	89	197	0	0	-1	-2	// 3번 포탈(上↗) 입구
//197	0	47	149	122	151	122	0	0	0	-1	-2	// 3번 포탈(上↗) 출구
//198	0	47	165	101	166	104	199	0	0	-1	-2	// 4번 포탈(上↖) 입구
//199	0	47	132	99	132	103	0	0	0	-1	-2	// 4번 포탈(上↖) 출구
//200	0	47	173	65	174	68	201	0	0	-1	-2	// 5번 포탈(下↘) 입구
//201	0	47	207	65	207	68	0	0	0	-1	-2	// 5번 포탈(下↘) 출구
//202	0	47	186	79	189	81	203	0	0	-1	-2	// 6번 포탈(下↙) 입구
//203	0	47	186	47	189	47	0	0	0	-1	-2	// 6번 포탈(下↙) 출구
//204	0	47	186	51	188	52	205	0	0	-1	-2	// 7번 포탈(下↗) 입구
//205	0	47	186	84	189	84	0	0	0	-1	-2	// 7번 포탈(下↗) 출구
//206	0	47	202	66	203	68	207	0	0	-1	-2	// 8번 포탈(下↖) 입구
//207	0	47	169	65	169	68	0	0	0	-1	-2	// 8번 포탈(下↖) 출구
// 제 4 사원												
//208	0	48	136	100	137	101	209	0	0	-1	-2	// 1번 포탈(上↘) 입구
//209	0	48	170	101	170	103	0	0	0	-1	-2	// 1번 포탈(上↘) 출구
//210	0	48	150	117	152	119	211	0	0	-1	-2	// 2번 포탈(上↙) 입구
//211	0	48	149	84	152	84	0	0	0	-1	-2	// 2번 포탈(上↙) 출구
//212	0	48	149	88	151	89	213	0	0	-1	-2	// 3번 포탈(上↗) 입구
//213	0	48	149	122	151	122	0	0	0	-1	-2	// 3번 포탈(上↗) 출구
//214	0	48	165	101	166	104	215	0	0	-1	-2	// 4번 포탈(上↖) 입구
//215	0	48	132	99	132	103	0	0	0	-1	-2	// 4번 포탈(上↖) 출구
//216	0	48	173	65	174	68	217	0	0	-1	-2	// 5번 포탈(下↘) 입구
//217	0	48	207	65	207	68	0	0	0	-1	-2	// 5번 포탈(下↘) 출구
//218	0	48	186	79	189	81	219	0	0	-1	-2	// 6번 포탈(下↙) 입구
//219	0	48	186	47	189	47	0	0	0	-1	-2	// 6번 포탈(下↙) 출구
//220	0	48	186	51	188	52	221	0	0	-1	-2	// 7번 포탈(下↗) 입구
//221	0	48	186	84	189	84	0	0	0	-1	-2	// 7번 포탈(下↗) 출구
//222	0	48	202	66	203	68	223	0	0	-1	-2	// 8번 포탈(下↖) 입구
//223	0	48	169	65	169	68	0	0	0	-1	-2	// 8번 포탈(下↖) 출구
// 제 5 사원												
//224	0	49	136	100	137	101	225	0	0	-1	-2	// 1번 포탈(上↘) 입구
//225	0	49	170	101	170	103	0	0	0	-1	-2	// 1번 포탈(上↘) 출구
//226	0	49	150	117	152	119	227	0	0	-1	-2	// 2번 포탈(上↙) 입구
//227	0	49	149	84	152	84	0	0	0	-1	-2	// 2번 포탈(上↙) 출구
//228	0	49	149	88	151	89	229	0	0	-1	-2	// 3번 포탈(上↗) 입구
//229	0	49	149	122	151	122	0	0	0	-1	-2	// 3번 포탈(上↗) 출구
//230	0	49	165	101	166	104	231	0	0	-1	-2	// 4번 포탈(上↖) 입구
//231	0	49	132	99	132	103	0	0	0	-1	-2	// 4번 포탈(上↖) 출구
//232	0	49	173	65	174	68	233	0	0	-1	-2	// 5번 포탈(下↘) 입구
//233	0	49	207	65	207	68	0	0	0	-1	-2	// 5번 포탈(下↘) 출구
//234	0	49	186	79	189	81	235	0	0	-1	-2	// 6번 포탈(下↙) 입구
//235	0	49	186	47	189	47	0	0	0	-1	-2	// 6번 포탈(下↙) 출구
//236	0	49	186	51	188	52	237	0	0	-1	-2	// 7번 포탈(下↗) 입구
//237	0	49	186	84	189	84	0	0	0	-1	-2	// 7번 포탈(下↗) 출구
//238	0	49	202	66	203	68	239	0	0	-1	-2	// 8번 포탈(下↖) 입구
//239	0	49	169	65	169	68	0	0	0	-1	-2	// 8번 포탈(下↖) 출구
// 제 6 사원												
//240	0	50	136	100	137	101	241	0	0	-1	-2	// 1번 포탈(上↘) 입구
//241	0	50	170	101	170	103	0	0	0	-1	-2	// 1번 포탈(上↘) 출구
//242	0	50	150	117	152	119	243	0	0	-1	-2	// 2번 포탈(上↙) 입구
//243	0	50	149	84	152	84	0	0	0	-1	-2	// 2번 포탈(上↙) 출구
//244	0	50	149	88	151	89	245	0	0	-1	-2	// 3번 포탈(上↗) 입구
//245	0	50	149	122	151	122	0	0	0	-1	-2	// 3번 포탈(上↗) 출구
//246	0	50	165	101	166	104	247	0	0	-1	-2	// 4번 포탈(上↖) 입구
//247	0	50	132	99	132	103	0	0	0	-1	-2	// 4번 포탈(上↖) 출구
//248	0	50	173	65	174	68	249	0	0	-1	-2	// 5번 포탈(下↘) 입구
//249	0	50	207	65	207	68	0	0	0	-1	-2	// 5번 포탈(下↘) 출구
//250	0	50	186	79	189	81	251	0	0	-1	-2	// 6번 포탈(下↙) 입구
//251	0	50	186	47	189	47	0	0	0	-1	-2	// 6번 포탈(下↙) 출구
//252	0	50	186	51	188	52	253	0	0	-1	-2	// 7번 포탈(下↗) 입구
//253	0	50	186	84	189	84	0	0	0	-1	-2	// 7번 포탈(下↗) 출구
//254	0	50	202	66	203	68	255	0	0	-1	-2	// 8번 포탈(下↖) 입구
//255	0	50	169	65	169	68	0	0	0	-1	-2	// 8번 포탈(下↖) 출구
												
// 3차 체인지업 퀘스트 맵												
256	0	41	29	79	31	82	0	0	0	-1	118	//발가스의병영(41) 입장 위치(안전지대)
257	0	42	104	178	107	181	0	0	0	-1	118	//발가스의안식처(42) 입장위치
258	0	34	227	41	229	43	0	0	0	-1	-2	//41. 42번맵 리젠 위치
												
// 엘베란드 (2007_09_27) 김현지												
//GateNumber	Flag	MapNumber	x	y	x2	y2	Target gate	Dir	MinLevel	MaxLevel		
259	0	2	161	245	166	246	260	0	10	-1	-1	
260	0	51	26	29	27	30	0	0	10	-1	267	//데비아스 -> 엘베란드
												
261	0	51	24	29	25	30	262	0	10	-1	-1	
262	0	2	161	241	163	242	0	0	10	-1	-1	//엘베란드 -> 데비아스
												
263	0	7	13	19	14	20	264	0	10	-1	-1	
264	0	51	243	149	244	150	0	0	10	-1	-1	//아틀란스 -> 엘베란드
												
265	0	51	247	149	248	150	266	0	50	220	-1	
266	0	7	16	19	17	20	0	0	50	220	-1	//엘베란드 -> 아틀란스
												
267	0	51	51	224	54	227	0	0	0	-1	-1	//엘베란드 -> 마을엘베란드
												
// 엘베란드 확장 (2007_10_09)김현지												
268	0	51	99	55	100	57	0	0	10	-1	-1	//엘베란드2
269	0	51	191	148	193	150	0	0	10	-1	-1	//엘베란드3
												
// 이벤트맵 등급 추가로 인한 게이트 추가(2007.10.16)												
// 악마의 광장_확장_7광장												
270	0	32	62	150	70	158	0	0	10	-1	-2	//7광장 (5.6과 맵 인덱스 공통 사용)
												
// 블래드캐슬_확장_8번다리												
271	0	52	12	5	14	10	0	0	0	-1	-2	//제 8 블러드 캐슬
												
// 카오스캐슬_확장_7번												
272	0	53	31	88	36	95	0	0	0	-1	-2	//제 7 카오스 캐슬
												
// 평온의 늪												
273	0	56	135	105	142	111	0	0	380	-1	273	//평온의 늪 안전지대
274	0	56	139	125	139	126	275	0	380	-1	-1	//1시 방향 포털 입구
275	0	56	189	190	191	193	0	0	380	-1	-1	//1시 방향 포털 출구
276	0	56	185	187	186	188	273	0	380	-1	-1	//1시 섬에서 안전지대로
277	0	56	149	109	150	109	278	0	380	-1	-1	//5시 방향 포털 입구
278	0	56	204	10	206	14	0	0	380	-1	-1	//5시 섬 포털 출구
279	0	56	197	12	197	14	273	0	380	-1	-1	//5시 섬에서 안전지대로
280	0	56	139	95	140	95	281	0	380	-1	-1	//7시 방향 포털 입구
281	0	56	65	47	67	48	0	0	380	-1	-1	//7시 섬 포털 출구
282	0	56	68	52	69	53	273	0	380	-1	-1	//7시 섬에서 안전지대로
283	0	56	124	109	124	110	284	0	380	-1	-1	//11시 방향 포털 입구
284	0	56	62	174	63	179	0	0	380	-1	-1	//11시 섬 포털 출구
285	0	56	57	176	57	177	273	0	380	-1	-1	//11시 섬에서 안전지대로
												
// 라클리온												
286	0	2	52	90	54	91	287	0	380	-1	-1	// 데비아스 → 라클리온
287	0	57	222	211	225	212	0	0	380	-1	287	
288	0	57	223	215	225	215	289	0	380	-1	-1	// 라클리온 → 데비아스
289	0	2	51	85	55	86	0	0	380	-1	-1	
290	0	57	171	23	171	25	291	0	380	-1	-1	// 라클리온 → 보스존
291	0	58	160	24	161	27	0	0	380	-1	-2	
292	0	58	167	24	167	25	293	0	380	-1	-2	// 보스존 → 라클리온
293	0	57	174	23	175	25	0	0	380	-1	-1	
												
//불카누스												
294	0	63	120	129	126	134	0	0	300	-1	294	//불카누스 안전지대
295	0	64	101	64	0	0	0	0	30	-1	-2	//결투장 1-1
296	0	64	101	75	0	0	0	0	30	-1	-2	//결투장 1-2
297	0	64	101	113	0	0	0	0	30	-1	-2	//결투장 2-1
298	0	64	101	124	0	0	0	0	30	-1	-2	//결투장 2-2
299	0	64	154	64	0	0	0	0	30	-1	-2	//결투장 3-1
300	0	64	154	75	0	0	0	0	30	-1	-2	//결투장 3-2
301	0	64	154	113	0	0	0	0	30	-1	-2	//결투장 4-1
302	0	64	154	124	0	0	0	0	30	-1	-2	//결투장 4-2
303	0	64	100	70	0	0	0	0	30	-1	-2	//결투장 관전 1
304	0	64	100	120	0	0	0	0	30	-1	-2	//결투장 관전 2
305	0	64	150	70	0	0	0	0	30	-1	-2	//결투장 관전 3
306	0	64	150	120	0	0	0	0	30	-1	-2	//결투장 관전 4
												
//제국수호군요새												
//1번 - 월, 목												
307	0	69	231	15	233	17	0	0	0	-1	-2	//1-1존 시작지점
308	0	69	209	80	211	82	309	0	0	-1	-2	//1-1존 → 1-2존 시작지점
309	0	69	202	24	203	27	0	0	0	-1	-2	//1-2존 시작지점
310	0	69	153	60	155	62	311	0	0	-1	-2	//1-2존 → 1-3존 시작지점
311	0	69	179	65	181	67	0	0	0	-1	-2	//1-3존 시작지점
//2번 - 화, 금												
312	0	70	86	63	87	66	0	0	0	-1	-2	//2-1존 시작지점
313	0	70	10	64	12	66	314	0	0	-1	-2	//2-1존 → 2-2존 시작지점
314	0	70	35	84	38	85	0	0	0	-1	-2	//2-2존 시작지점
315	0	70	54	161	56	163	316	0	0	-1	-2	//2-2존 → 2-3존 시작지점
316	0	70	121	110	123	112	0	0	0	-1	-2	//2-3존 시작지점
//3번 -수, 토												
317	0	71	154	187	155	189	0	0	0	-1	-2	//3-1존 시작지점
318	0	71	82	194	84	196	319	0	0	-1	-2	//3-1존 → 3-2존 시작지점
319	0	71	222	121	224	123	0	0	0	-1	-2	//3-2존 시작지점
320	0	71	222	201	224	203	321	0	0	-1	-2	//3-2존 → 3-3존 시작지점
321	0	71	165	206	168	207	0	0	0	-1	-2	//3-3존 시작지점
//4번 - 일												
322	0	72	93	66	94	69	0	0	0	-1	-2	//4-1존 시작지점
323	0	72	30	95	32	97	324	0	0	-1	-2	//4-1존 → 4-2존 시작지점
324	0	72	32	162	34	164	0	0	0	-1	-2	//4-2존 시작지점
325	0	72	68	160	70	162	326	0	0	-1	-2	//4-2존 → 4-3존 시작지점
326	0	72	145	155	147	157	0	0	0	-1	-2	//4-3존 시작지점
327	0	72	223	165	225	167	328	0	0	-1	-2	//4-3존 → 4-4존 시작지점
328	0	72	241	23	243	25	0	0	0	-1	-2	//4-4존 시작지점
												
//도플갱어 맵												
329	0	65	193	26	200	32	0	0	0	-1	-2	//얼음지역
330	0	66	133	68	139	74	0	0	0	-1	-2	//화염불꽃
331	0	67	106	58	111	62	0	0	0	-1	-2	//수중도시
332	0	68	90	10	97	17	0	0	0	-1	-2	//수정동굴
												
//로랜시장 게이트 추가 (2010.01.12) 홍승욱												
//GateNumber	Flag	MapNumber	x	y	x2	y2	Target gate	Dir	MinLevel	MaxLevel		
333	0	79	56	74	58	77	0	0	0	-1	333	//로랜시장에서 마을(로랜시장)
												
//칸투르 폐허 게이트 추가 (2010.03.22) 이준희												
//GateNumber	Flag	MapNumber	x	y	x2	y2	Target gate	Dir	MinLevel	MaxLevel		
334	0	37	66	183	74	191	0	0	300	-1	-1	//칸투르 폐허 3
												
// 칼루탄 게이트 추가 (2010-07-12) 홍승욱												
//GateNumber	Flag	MapNumber	x	y	x2	y2	Target gate	Dir	MinLevel	MaxLevel		
335	0	80	124	123	127	125	0	0	270	-1	335	//칼루탄 → 마을칼루탄
												
336	0	33	237	167	240	168	337	0	270	-1	-1	
337	0	80	118	44	119	46	0	3	270	-1	-1	//아이다 → 칼루탄1
												
338	0	80	116	44	117	47	339	0	150	-1	-1	
339	0	33	237	166	240	166	0	1	150	-1	-1	//칼루탄1 → 아이다
												
340	0	80	186	210	190	212	341	0	270	-1	-1	
341	0	81	162	12	164	14	0	5	270	-1	-1	//칼루탄1 → 칼루탄2
												
342	0	81	161	8	165	9	343	0	270	-1	-1	
343	0	80	188	207	189	208	0	1	270	-1	-1	//칼루탄2 → 칼루탄1
												
344	0	81	162	16	163	17	0	5	270	-1	-1	//칼루탄2 이동 명령 리젠
//도플갱어 맵												
//GateNumber	Flag	MapNumber	x	y	x2	y2	Target gate	Dir	MinLevel	MaxLevel		
345	0	82	60	66	63	69	0	0	0	-1	-1	
346	0	82	69	195	72	198	0	0	0	-1	-1	
347	0	82	196	187	199	190	0	0	0	-1	-1	
348	0	82	187	61	190	64	0	0	0	-1	-1	
												
349	0	83	60	66	63	69	0	0	0	-1	-1	
350	0	83	69	195	72	198	0	0	0	-1	-1	
351	0	83	196	187	199	190	0	0	0	-1	-1	
352	0	83	187	61	190	64	0	0	0	-1	-1	
												
353	0	84	60	66	63	69	0	0	0	-1	-1	
354	0	84	69	195	72	198	0	0	0	-1	-1	
355	0	84	196	187	199	190	0	0	0	-1	-1	
356	0	84	187	61	190	64	0	0	0	-1	-1	
												
357	0	85	60	66	63	69	0	0	0	-1	-1	
358	0	85	69	195	72	198	0	0	0	-1	-1	
359	0	85	196	187	199	190	0	0	0	-1	-1	
360	0	85	187	61	190	64	0	0	0	-1	-1	
												
361	0	86	60	66	63	69	0	0	0	-1	-1	
362	0	86	69	195	72	198	0	0	0	-1	-1	
363	0	86	196	187	199	190	0	0	0	-1	-1	
364	0	86	187	61	190	64	0	0	0	-1	-1	
												
365	0	87	60	66	63	69	0	0	0	-1	-1	
366	0	87	69	195	72	198	0	0	0	-1	-1	
367	0	87	196	187	199	190	0	0	0	-1	-1	
368	0	87	187	61	190	64	0	0	0	-1	-1	
												
369	0	88	60	66	63	69	0	0	0	-1	-1	
370	0	88	69	195	72	198	0	0	0	-1	-1	
371	0	88	196	187	199	190	0	0	0	-1	-1	
372	0	88	187	61	190	64	0	0	0	-1	-1	
												
373	0	89	60	66	63	69	0	0	0	-1	-1	
374	0	89	69	195	72	198	0	0	0	-1	-1	
375	0	89	196	187	199	190	0	0	0	-1	-1	
376	0	89	187	61	190	64	0	0	0	-1	-1	
												
377	0	90	60	66	63	69	0	0	0	-1	-1	
378	0	90	69	195	72	198	0	0	0	-1	-1	
379	0	90	196	187	199	190	0	0	0	-1	-1	
380	0	90	187	61	190	64	0	0	0	-1	-1	
												
381	0	82	123	120	129	134	0	0	0	-1	-1	
382	0	82	123	126	134	132	0	0	0	-1	-1	
383	0	82	127	121	133	133	0	0	0	-1	-1	
384	0	82	123	121	133	128	0	0	0	-1	-1	
												
385	0	83	123	120	129	134	0	0	0	-1	-1	
386	0	83	123	126	134	132	0	0	0	-1	-1	
387	0	83	127	121	133	133	0	0	0	-1	-1	
388	0	83	123	121	133	128	0	0	0	-1	-1	
												
389	0	84	123	120	129	134	0	0	0	-1	-1	
390	0	84	123	126	134	132	0	0	0	-1	-1	
391	0	84	127	121	133	133	0	0	0	-1	-1	
392	0	84	123	121	133	128	0	0	0	-1	-1	
												
393	0	85	123	120	129	134	0	0	0	-1	-1	
394	0	85	123	126	134	132	0	0	0	-1	-1	
395	0	85	127	121	133	133	0	0	0	-1	-1	
396	0	85	123	121	133	128	0	0	0	-1	-1	
												
397	0	86	123	120	129	134	0	0	0	-1	-1	
398	0	86	123	126	134	132	0	0	0	-1	-1	
399	0	86	127	121	133	133	0	0	0	-1	-1	
400	0	86	123	121	133	128	0	0	0	-1	-1	
												
401	0	87	123	120	129	134	0	0	0	-1	-1	
402	0	87	123	126	134	132	0	0	0	-1	-1	
403	0	87	127	121	133	133	0	0	0	-1	-1	
404	0	87	123	121	133	128	0	0	0	-1	-1	
												
405	0	88	123	120	129	134	0	0	0	-1	-1	
406	0	88	123	126	134	132	0	0	0	-1	-1	
407	0	88	127	121	133	133	0	0	0	-1	-1	
408	0	88	123	121	133	128	0	0	0	-1	-1	
												
409	0	89	123	120	129	134	0	0	0	-1	-1	
410	0	89	123	126	134	132	0	0	0	-1	-1	
411	0	89	127	121	133	133	0	0	0	-1	-1	
412	0	89	123	121	133	128	0	0	0	-1	-1	
												
413	0	90	123	120	129	134	0	0	0	-1	-1	
414	0	90	123	126	134	132	0	0	0	-1	-1	
415	0	90	127	121	133	133	0	0	0	-1	-1	
416	0	90	123	121	133	128	0	0	0	-1	-1	
												
//아케론 게이트 추가 (2011.07.05) 설희원												
//GateNumber	Flag	MapNumber	x	y	x2	y2	Target gate	Dir	MinLevel	MaxLevel		
417	0	91	51	190	60	197	0	0	300	-1	417	//아케론마을 입구
												
418	0	91	26	168	28	172	419	0	300	-1	-1	//마을에서 사냥터1
419	0	91	112	161	114	166	0	0	300	-1	-1	
												
420	0	91	115	168	118	170	421	0	300	-1	-1	//사냥터1에서 마을
421	0	91	33	167	37	170	0	0	300	-1	-1	
												
422	0	91	82	204	86	205	423	0	300	-1	-1	//마을에서 사냥터 2
423	0	91	151	198	156	200	0	0	300	-1	-1	
												
424	0	91	147	202	148	206	425	0	300	-1	-1	//사냥터2에서 마을
425	0	91	81	197	83	199	0	0	300	-1	-1	
												
//아르카쟁 게이트 추가 (2011.08.16) 설희원												
//GateNumber	Flag	MapNumber	x	y	x2	y2	Target gate	Dir	MinLevel	MaxLevel		
426	0	92	51	190	60	197	0	0	0	-1	426	//아케론마을 입구
												
427	0	92	26	168	28	172	428	0	0	-1	-1	//마을에서 사냥터1
428	0	92	112	161	114	166	0	0	0	-1	-1	
												
429	0	92	115	168	118	170	430	0	0	-1	-1	//사냥터1에서 마을
430	0	92	33	167	37	170	0	0	0	-1	-1	
												
431	0	92	82	204	86	205	432	0	0	-1	-1	//마을에서 사냥터 2
432	0	92	151	198	156	200	0	0	0	-1	-1	
												
433	0	92	147	202	148	206	434	0	0	-1	-1	//사냥터2에서 마을
434	0	92	81	197	83	199	0	0	0	-1	-1	
												
//아케론 게이트 추가 - 데벤테르 골짜기 (2012-06-25 홍승욱)												
//GateNumber	Flag	MapNumber	x	y	x2	y2	Target gate	Dir	MinLevel	MaxLevel		
435	0	91	52	161	53	163	436	0	300	-1	-1	
436	0	95	19	104	20	105	0	1	300	-1	417	// 아케론 안전지대 -> 데벤테르
												
437	0	95	17	106	18	107	438	0	300	-1	-1	
438	0	91	54	163	55	164	0	5	300	-1	-1	// 데벤테르 -> 아케론 안전지대
//아케론 게이트 추가 - 데벤테르 골짜기 아르카쟁 맵 (2012-06-25 홍승욱)												
439	0	92	52	161	53	163	440	0	300	-1	-1	
440	0	96	19	104	20	105	0	1	300	-1	426	// 아케론 안전지대 -> 데벤테르 (아르카쟁 진행 시)
												
441	0	96	17	106	18	107	442	0	300	-1	-1	
442	0	92	54	163	55	164	0	5	300	-1	-1	// 데벤테르 -> 아케론 안전지대 (아르카쟁 진행 시)
												
// 카오스캐슬_최강자전												
443	0	97	31	88	36	95	0	0	0	-1	-2	//카오스캐슬 최강자전
// 환영의사원_최강자전 (2013-05-06 사재일)												
444	0	98	98	128	108	137	0	0	0	-1	-2	//환영의사원 최강자전 대기실 #1
445	0	99	98	128	108	137	0	0	0	-1	-2	//환영의사원 최강자전 대기실 #2
												
446	0	98	141	41	146	45	0	0	0	-1	-2	//환영의사원 최강자전 연합군 시작 위치 #1
447	0	99	141	41	146	45	0	0	0	-1	-2	//환영의사원 최강자전 연합군 시작 위치 #2
												
448	0	98	194	124	198	127	0	0	0	-1	-2	//환영의사원 최강자전 환영교단 시작 위치 #1
449	0	99	194	124	198	127	0	0	0	-1	-2	//환영의사원 최강자전 환영교단 시작 위치 #2
// 아케론 게이트 추가 - 우르크산 (2013-06-25 김의건)												
450	0	91	65	218	67	219	451	3	300	-1	-1	
451	0	100	24	90	25	86	0	5	300	-1	417	// 아케론 안전지대 -> 우르크산
												
452	0	100	19	87	20	88	453	5	300	-1	-1	
453	0	91	62	213	64	214	0	3	300	-1	-1	// 우르크산 -> 아케론 안전지대
// 우르크산 필드포탈 - 우르크산 (2013-07-04 김의건)												
454	0	100	42	80	44	81	455	0	300	-1	-1	// 필드포탈A(파랑)
455	0	100	212	31	213	32	0	0	300	-1	-1	
												
456	0	100	215	33	217	34	457	0	300	-1	-1	// 필드포탈B(파랑)
457	0	100	40	82	41	84	0	0	300	-1	-1	
												
458	0	100	40	97	42	98	459	0	300	-1	-1	// 필드포탈A(빨강)
459	0	100	107	225	109	226	0	0	300	-1	-1	
												
460	0	100	108	229	110	230	461	0	300	-1	-1	// 필드포탈B(빨강)
461	0	100	39	94	40	95	0	0	300	-1	-1	
// 아르카쟁 아케론 게이트 추가 - 우르크산 (2013-06-25 김의건)												
//462	0	92	65	218	67	219	451	3	0	-1	-1	
//463	0	101	24	90	25	86	0	5	0	-1	-1	// 아케론 안전지대 -> 우르크산
												
//464	0	101	19	87	20	88	450	5	0	-1	-1	
//465	0	92	62	213	64	214	0	3	0	-1	-1	// 우르크산 -> 아케론 안전지대
// 아르카쟁 우르크산 필드포탈 - 우르크산 (2013-07-04 김의건)												
//466	0	101	42	80	44	81	455	0	0	-1	-1	// 필드포탈A(파랑)
//467	0	101	212	31	213	32	0	0	0	-1	-1	
												
//468	0	101	215	33	217	34	457	0	0	-1	-1	// 필드포탈B(파랑)
//469	0	101	40	82	41	84	0	0	0	-1	-1	
												
//470	0	101	40	97	42	98	459	0	0	-1	-1	// 필드포탈A(빨강)
//471	0	101	107	225	109	226	0	0	0	-1	-1	
												
//472	0	101	108	229	110	230	461	0	0	-1	-1	// 필드포탈B(빨강)
//473	0	101	39	94	40	95	0	0	0	-1	-1	
// 악마의광장_최강자전												
474	0	102	125	126	130	130	0	0	10	-1	-2	//시련의광장 진입
// 던전 필드포탈 추가(2014-02-21 김의건)												
475	0	1	115	231	117	233	476	0	0	-1	-1	//던전 1층 필드 포탈 A -> B
476	0	1	45	152	48	155	0	0	0	-1	-1	
												
477	0	1	45	148	47	150	478	0	0	-1	-1	//던전 1층 필드 포탈 B -> A
478	0	1	112	232	113	234	0	0	0	-1	-1	
												
479	0	1	233	106	237	108	480	0	0	-1	-1	//던전 2층 필드 포탈 A -> B
480	0	1	241	85	242	89	0	0	0	-1	-1	
												
481	0	1	244	86	245	89	482	0	0	-1	-1	//던전 2층 필드 포탈 B -> A
482	0	1	229	108	231	110	0	0	0	-1	-1	
// 시련의광장(Battle) (2014-06-23 사재일)												
483	0	103	125	126	130	130	0	0	10	-1	-2	//시련의광장(Battle) 진입 #1
484	0	104	125	126	130	130	0	0	10	-1	-2	//시련의광장(Battle) 진입 #2
485	0	105	125	126	130	130	0	0	10	-1	-2	//시련의광장(Battle) 진입 #3
486	0	106	125	126	130	130	0	0	10	-1	-2	//시련의광장(Battle) 진입 #4
// 아케론 게이트 추가 - 나르스 (2014-09-29 박혜진)												
487	0	91	90	181	91	184	488	3	300	-1	-1	
488	0	110	213	193	214	196	0	5	300	-1	417	// 아케론 안전지대 -> 나르스
												
489	0	110	211	190	212	191	490	5	300	-1	-1	
490	0	91	94	184	95	187	0	3	300	-1	-1	// 나르스 -> 아케론 안전지대
// 필드포탈 - 나르스 (2014-09-29 박혜진)												
491	0	110	179	148	180	149	492	0	300	-1	-1	
492	0	110	133	166	136	167	0	0	300	-1	-1	//코어 마그리피 둥지 입구 -> 출구
												
493	0	110	131	170	133	171	494	0	300	-1	-1	
494	0	110	213	193	214	196	0	0	300	-1	-1	//코어 마그리피 둥지 출구 -> 나르스 입구
												
495	0	110	179	185	180	187	496	0	300	-1	-1	// 필드포탈A(빨강)
496	0	110	127	29	128	30	0	0	300	-1	-1	
												
497	0	110	126	33	127	34	498	0	300	-1	-1	// 필드포탈B(빨강)
498	0	110	181	188	183	188	0	0	300	-1	-1	
												
499	0	110	179	210	180	211	500	0	300	-1	-1	// 필드포탈A(파랑)
500	0	110	34	198	35	199	0	0	300	-1	-1	
												
501	0	110	36	195	37	196	502	0	300	-1	-1	// 필드포탈B(파랑)
502	0	110	181	208	183	209	0	0	300	-1	-1	
//이벤트맵 광장 게이트 추가												
503	0	79	203	56	207	59	0	0	0	-1	-1	//로랜시장에서 마을(로랜시장)
504	0	79	188	90	192	91	0	0	0	-1	-1	//블러드캐슬 npc 앞으로 이동
505	0	79	221	91	227	92	0	0	0	-1	-1	//악마의광장 npc 앞으로 이동
506	0	79	191	20	194	23	0	0	0	-1	-1	//환영사원 npc 앞으로 이동
507	0	79	170	55	173	59	0	0	0	-1	-1	//도플갱어 npc 앞으로 이동
508	0	79	230	28	236	29	0	0	0	-1	-1	//바르카 npc 앞으로 이동
// Season11 P.1 페리아 (2015-06-10 사재일)												
509	0	112	236	152	237	153	0	0	400	-1	509	//이동명령창 이동
510	0	8	176	38	178	40	511	0	400	-1	-1	//타르칸에서 페리아로 이동
511	0	112	236	152	237	153	0	0	400	-1	-1	//페리아로의 진입 좌표
512	0	112	198	173	199	175	513	0	400	-1	-1	//블루포털(입구쪽)에서
513	0	112	107	67	108	68	0	0	400	-1	-1	//레드포털(사냉터)로 나옴
514	0	112	80	233	81	235	515	0	400	-1	-1	//블루포털(사냥터)에서
515	0	112	201	155	202	156	0	0	400	-1	-1	//블루포털(입구쪽)로 나옴
516	0	112	199	137	200	138	517	0	400	-1	-1	//레드포털(입구쪽)에서
517	0	112	82	226	83	227	0	0	400	-1	-1	//블루포털(사냥터)로 나옴
518	0	112	100	66	101	68	519	0	400	-1	-1	//레드포털(사냥터)에서
519	0	112	201	155	202	156	0	0	400	-1	-1	//레드포털(입구쪽)로 나옴
520	0	112	236	175	239	176	521	0	400	-1	-1	//페리아에서 타르칸
521	0	8	187	54	189	55	0	0	400	-1	-1	//타르칸으로의 진입좌표
// Season12 Part1 닉시스호수 (2016-09-05 박혜진)												
522	0	113	24	118	27	121	0	0	700	-1	522	//이동명령창 이동(닉시스 호수)
												
523	0	57	208	219	211	221	524	3	700	-1	-1	//라클리온 -> 닉시스 호수
524	0	113	24	118	27	121	0	1	700	-1	-1	
												
525	0	113	17	118	19	121	526	1	700	-1	-1	//닉시스 호수 -> 라클리온
526	0	57	214	203	218	206	0	3	700	-1	-1	
// 필드포탈 - 닉시스 호수 (2016-09-07 박혜진)												
527	0	113	62	108	67	112	528	0	700	-1	-1	// 필드포탈A(블루)
528	0	113	149	85	152	88	0	0	700	-1	-1	
												
529	0	113	143	89	149	91	530	0	700	-1	-1	// 필드포탈B(블루)
530	0	113	60	108	62	112	0	0	700	-1	-1	
												
531	0	113	22	228	27	229	0	0	700	-1	-1	// 정령 닉시 -> 보스존(닉스의 안식처)
// Season12 Part1 차원의 미궁 (2016-09-05 박혜진)												
// 인스턴스 광장 이동												
												
532	0	79	227	55	227	60	533	0	0	-1	-1	//이벤트맵 광장 -> 인스턴스 광장
533	0	114	232	56	234	59	0	0	0	-1	533	
												
534	0	114	228	56	229	59	535	0	0	-1	-1	//인스턴스 광장 -> 이벤트맵 광장
535	0	79	223	56	224	59	0	0	0	-1	-1	
// 4차 전직 NPC 이동 게이트 설정 (2017-03-14 사재일)												
//GateNumber	Flag	MapNumber	x	y	x2	y2	Target gate	Dir	MinLevel	MaxLevel		
//536	0	0	131	147	132	148	537	0	0	-1	-1	// A-1 // 로랜시아에서 114번 맵으로
537	0	114	238	237	239	238	0	0	750	-1	-1	// A-2 // 114번 도착 좌표
//538	0	114	240	239	241	240	0	0	0	-1	-1	// B-1 114번에서 로랜시아로
//539	0	0	138	120	139	121	0	0	0	-1	-1	// B-2 로랜시아 도착 좌표
540	0	121	147	27	148	28	0	0	0	-1	-2	// 퀘스트 도착 좌표
// 리뉴얼던전 걸어서 이동 좌표 설정 (2017-03-30 사재일)												
541	0	0	176	29	178	32	542	0	770	-1	-1	//로랜시아 -> 리뉴얼던전 1층
542	0	116	120	125	121	128	0	0	770	-1	542	
543	0	116	117	124	118	125	544	0	770	-1	-1	//리뉴얼던전1층 -> 로랜시아
544	0	0	179	30	181	31	0	0	770	-1	-1	
545	0	116	130	130	131	131	546	0	770	-1	-1	// 리뉴얼던전1층 -> 리뉴얼던전 2층
546	0	117	131	128	132	129	0	0	770	-1	546	
547	0	117	129	131	132	132	548	0	770	-1	-1	// 리뉴얼던전2층 -> 리뉴얼던전 1층
548	0	116	128	127	129	130	0	0	770	-1	-1	
549	0	117	116	124	117	127	550	0	770	-1	-1	// 리뉴얼던전 2층 -> 리뉴얼던전3층
550	0	118	123	123	124	124	0	0	770	-1	550	
551	0	118	121	118	122	120	552	0	770	-1	-1	// 리뉴얼던전 3층 -> 리뉴얼던전2층
552	0	117	131	127	132	128	0	0	770	-1	-1	
553	0	118	135	130	136	131	554	0	770	-1	-1	// 리뉴얼던전 3층 -> 리뉴얼던전4층
554	0	119	125	119	126	120	0	0	770	-1	554	
555	0	119	122	117	123	119	556	0	770	-1	-1	// 리뉴얼던전 4층 -> 리뉴얼던전 3층
556	0	118	135	127	136	128	0	0	770	-1	-1	
557	0	119	136	131	137	132	558	0	770	-1	-1	// 리뉴얼던전 4층 -> 리뉴얼던전 5층
558	0	120	126	119	127	120	0	0	770	-1	558	
559	0	120	121	118	122	120	560	0	770	-1	-1	// 리뉴얼던전 5층 -> 리뉴얼던전 4층
560	0	119	136	127	137	128	0	0	770	-1	-1	
// 리뉴얼던전 맵이동으로 이동 & 죽었을 때 안전지대 이동 (2017-03-30 사재일)												
561	0	116	120	125	121	128	0	0	770	-1	-1	// 리뉴얼던전 1층
562	0	117	131	128	132	129	0	0	770	-1	-1	// 리뉴얼던전 2층
563	0	118	123	123	124	124	0	0	770	-1	-1	// 리뉴얼던전 3층
564	0	119	125	119	126	120	0	0	770	-1	-1	// 리뉴얼던전 4층
565	0	120	126	119	127	120	0	0	770	-1	-1	// 리뉴얼던전 5층
// 센트의 마을로 이동 게이트 좌표 (2017-04-28 사재일)												
566	0	0	138	120	139	121	0	0	0	-1	-1	// B-2 // 로랜시아 도착 좌표
//어둠의늪(2017-09-14 최유진)												
567	0	122	128	110	140	125	0	0	800	-1	567	//어둠의늪 안전지대(이동명령창)
568	0	122	126	128	127	129	569	0	800	-1	-1	//불입구
569	0	122	103	159	104	160	0	0	800	-1	-1	//어둠의늪(불)	
570	0	122	107	154	108	155	571	0	800	-1	-1	//어둠의늪(불)	
571	0	122	128	125	129	126	0	0	800	-1	-1	//불출구(안전지대)	
572	0	122	148	111	148	113	573	0	800	-1	-1	//물입구	
573	0	122	182	102	183	103	0	0	800	-1	-1	//어둠의늪(물)	
574	0	122	177	102	177	104	575	0	800	-1	-1	//어둠의늪(물)	
575	0	122	142	112	143	113	0	0	800	-1	-1	//물출구(안전지대)	
576	0	122	132	102	133	103	577	0	800	-1	-1	//암흑입구	
577	0	122	132	68	133	69	0	0	800	-1	-1	//어둠의늪(암흑)	
578	0	122	133	73	135	73	579	0	800	-1	-1	//어둠의늪(암흑)	
579	0	122	133	107	134	108	0	0	800	-1	-1	//암흑출구(안전지대)	
580	0	122	120	113	121	114	581	0	800	-1	-1	//땅입구	
581	0	122	88	104	89	105	0	0	800	-1	-1	//어둠의늪(땅)	
582	0	122	92	105	92	107	583	0	800	-1	-1	//어둠의늪(땅)	
583	0	122	125	114	126	115	0	0	800	-1	-1	//땅출구(안전지대)	
584	0	122	142	128	144	129	585	0	800	-1	-1	//바람입구	
585	0	122	160	152	161	153	0	0	800	-1	-1	//어둠의늪(바람)	
586	0	122	158	150	160	151	587	0	800	-1	-1	//어둠의늪(바람)	
587	0	122	139	125	140	126	0	0	800	-1	-1	//바람출구(안전지대)	
588	0	122	241	91	242	92	590	0	800	-1	-1	//º¸½ºAO±¸(¹°)	
589	0	122	12	158	13	158	590	0	800	-1	-1	//º¸½ºAO±¸	
590	0	122	192	9	193	11	0	0	800	-1	-1	//어둠의늪(보스존)	
//쿠베라 광산(2018-07-31 박혜진)													
591	0	123	236	87	239	91	0	0	850	-1	591	//쿠베라 광산 안전지대(이동명령창)	
592	0	123	215	109	216	111	593	0	850	-1	-1	//불 입구(입장전용)	
593	0	123	204	64	208	67	0	0	850	-1	591	//불 입장	
594	0	123	207	67	210	68	595	0	850	-1	-1	//불 입구(퇴장전용)	
595	0	123	220	107	221	111	0	0	850	-1	-1	//불 퇴장	
596	0	123	217	116	220	117	597	0	850	-1	-1	//바람 입구(입장전용)	
597	0	126	204	64	208	67	0	0	850	-1	591	//바람 입장	
598	0	126	207	67	210	68	599	0	850	-1	-1	//바람 입구(퇴장전용)	
599	0	123	222	111	225	113	0	0	850	-1	-1	//바람 퇴장	
600	0	123	223	122	226	122	601	0	850	-1	-1	//물 입구(입장전용)	
601	0	124	204	64	208	67	0	0	850	-1	591	//물 입장	
602	0	124	207	67	210	68	603	0	850	-1	-1	//물 입구(퇴장전용)	
603	0	123	226	117	230	119	0	0	850	-1	-1	//물 퇴장	
604	0	123	228	127	231	128	605	0	850	-1	-1	//어둠 입구(입장전용)	
605	0	127	204	64	208	67	0	0	850	-1	591	//어둠 입장	
606	0	127	207	67	210	68	607	0	850	-1	-1	//어둠 입구(퇴장전용)	
607	0	123	233	112	236	124	0	0	850	-1	-1	//어둠 퇴장	
608	0	123	235	129	237	130	609	0	850	-1	-1	//땅 입구(입장전용)	
609	0	125	204	64	208	67	0	0	850	-1	591	//땅 입장	
610	0	125	207	67	210	68	611	0	850	-1	-1	//땅 입구(퇴장전용)	
611	0	123	236	124	239	125	0	0	850	-1	-1	//땅 퇴장	
612	0	2	159	55	160	59	613	3	850	-1	-1	//데비아스 -> 쿠베라 광산	
613	0	123	236	87	239	91	0	3	850	-1	613		
614	0	123	232	86	234	89	615	7	850	-1	-1	//쿠베라 광산 -> 데비아스	
615	0	2	163	54	165	59	0	3	850	-1	615		
616	0	123	224	111	231	115	0	0	850	-1	-1	//쿠베라 광산 안전지대(사망 시 리스폰위치)
//심연의 아틀란스(2019-04-01 노영호)													
//GateNumber	Flag	MapNumber	x	y	x2	y2	Target gate	Dir	MinLevel	MaxLevel			
617	0	128	129	126	132	129	0	0	1000	-1	617	//심연의 아틀란스 1층 안전지대(이동명령창)	
618	0	129	128	124	131	127	0	0	1020	-1	618	//심연의 아틀란스 2층 안전지대(이동명령창)	
619	0	130	128	122	131	126	0	0	1030	-1	619	//심연의 아틀란스 3층 안전지대(이동명령창)		
//GateNumber	Flag	MapNumber	x	y	x2	y2	Target gate	Dir	MinLevel	MaxLevel		
//스코치드협곡(2019-08-26)												
620	0	131	236	13	242	16	0	0	1050	-1	620	//스코치드협곡 안전지대(이동명령창)
// 필드포탈 - 스코치드 협곡												
621	0	131	196	25	198	27	622	0	1050	-1	-1	// 필드포탈 블루
622	0	131	80	74	82	77	0	0	1050	-1	-1	
623	0	131	75	74	77	76	624	0	1050	-1	-1	// 필드포탈 블루
624	0	131	197	30	200	29	0	0	1050	-1	-1	
625	0	131	206	42	211	43	626	0	1050	-1	-1	// 필드포탈 레드
626	0	131	141	204	145	203	0	0	1050	-1	-1	
627	0	131	143	208	144	210	628	0	1050	-1	-1	// 필드포탈 레드
628	0	131	207	38	210	38	0	0	1050	-1	-1	
629	0	8	188	74	190	76	630	0	1050	-1	-1	//타르칸에서 스코치드협곡으 이동
630	0	131	240	19	244	21	0	0	1050	-1	-1	//스코치드협곡의 진입 좌표
//GateNumber	Flag	MapNumber	x	y	x2	y2	Target gate	Dir	MinLevel	MaxLevel			
//홍연의 이카루스(2020-01-15)													
631	0	132	123	114	132	128	0	0	1070	-1	631	//홍연의 이카루스 안전지대(이동명령창)	
632	0	4	3	238	4	242	633	0	1070	-1	-1	//로스트타워에서 홍연의 이카루스로 이동	
633	0	132	123	114	132	128	0	0	1070	-1	-1	//홍연의 이카루스 진입 좌표	
end													
