0	0.67	0.75	180	270	15	0.0025
1	0.8	0.85	180	270	15	0.0025
2	0.8	0.85	180	270	15	0.0025
3	0.8	0.85	180	270	15	0.0025
4	0.8	0.85	180	270	15	0.0025
5	0.8	0.85	180	270	15	0.0025
6	0.8	0.85	180	270	15	0.0025
7	0.8	0.85	180	270	15	0.0025
8	0.8	0.85	180	270	15	0.0023
9	0.8	0.85	180	270	25	0.0025
10	0.8	0.85	180	270	25	0.0025
11	0.8	0.85	180	270	25	0.0025
12	0.8	0.85	180	270	25	0.0025
13	0.8	0.85	180	270	15	0.0025
14	0.8	0.85	180	270	15	0.0025
15	0.8	0.9	180	270	25	0.002
16	0.8	0.85	180	270	15	0.0025
17	0.8	0.85	180	270	25	0.0025
18	0.8	0.85	180	270	25	0.0025
19	0.8	0.85	180	270	15	0.0025
20	0.8	0.85	180	270	15	0.0025
21	0.8	0.85	180	270	25	0.0025
22	0.8	0.85	180	270	15	0.0025
23	0.8	0.85	180	270	25	0.0025
24	0.73	0.8	180	90	15	0.0028
25	0.8	0.85	180	270	25	0.0025
26	0.65	0.78	180	270	10	0.0024
27	0.8	0.85	180	270	15	0.0025
28	0.8	0.85	180	270	10	0.0025
29	0.8	0.85	180	270	15	0.0025
30	0.8	0.85	180	270	15	0.0025
31	0.8	0.85	180	270	25	0.0025
32	0.5	0.6	-90	0	0	0.0035
33	0.5	0.6	0	0	0	0.0035
34	0.5	0.6	0	0	0	0.0035
35	0.5	0.6	0	0	0	0.003
36	0.8	0.85	180	270	15	0.0025
37	0.8	0.85	180	270	25	0.0025
39	0.59	0.19	0	90	0	0.0018
40	0.5	0.5	-90	0	0	0.0025
41	0.52	0.85	180	90	0	0.0022
42	0.6	0.9	180	-90	10	0.0028
43	0.75	0.84	0	91	204	0.0022
44	0.6	0.9	180	-90	10	0.0028
45	0.75	0.84	0	91	204	0.0022
46	0.53	0.55	-90	0	0	0.0035
47	0.58	0.81	0	98	182	0.0021
48	0.8	0.85	180	270	15	0.0025
49	0.8	0.85	180	270	25	0.0025
50	0.5	0.6	0	0	0	0.0035
51	0.5	0.85	0	90	190	0.0023
52	0.53	0.51	-90	0	0	0.0025
53	0.56	0.56	-90	0	0	0.0025
54	0.6	0.9	180	-90	10	0.0028
55	0.6	0.9	180	-90	10	0.0028
56	0.53	0.485	-90	0	0	0.00499
57	0.6	0.898	180	-90	10	0.0028425
58	0.6	0.862	180	-90	10	0.0028425
59	0.53	0.485	-90	0	0	0.0038175
512	0.8	0.7	180	270	15	0.0025
513	0.8	0.7	180	270	15	0.0025
514	0.8	0.7	180	270	15	0.0025
515	0.8	0.7	180	270	15	0.0025
516	0.8	0.7	180	270	15	0.0025
517	0.8	0.7	180	270	25	0.0025
518	0.8	0.7	180	270	25	0.0025
519	0.8	0.7	180	270	25	0.0025
520	0.8	0.7	180	270	25	0.0025
1024	0.8	0.7	180	270	15	0.0025
1025	0.8	0.7	180	270	15	0.0025
1026	0.8	0.7	180	270	15	0.0025
1027	0.8	0.72	180	270	25	0.0025
1028	0.8	0.7	180	270	15	0.0025
1029	0.8	0.83	180	270	25	0.0024
1030	0.8	0.8	180	270	25	0.0024
1031	0.8	0.7	180	270	15	0.0025
1032	0.8	0.75	180	270	15	0.003
1033	0.8	0.75	180	270	15	0.0028
1034	0.67	0.65	180	270	15	0.0027
1035	0.62	0.6	180	270	10	0.0028
1036	0.65	0.67	180	270	12	0.0023
1037	0.6	0.5	180	270	10	0.0024
1038	0.65	0.54	180	90	13	0.0024
1039	0.75	0.65	180	90	13	0.0024
1040	0.7	0.73	180	270	15	0.0024
1041	0.73	0.69	180	270	15	0.0024
1042	0.8	0.65	180	90	12	0.0024
1043	0.8	0.7	180	270	15	0.0025
1044	0.8	0.7	180	270	25	0.0025
1045	0.5	0.2	0	0	0	0.0025
1046	0.6	0.78	0	79	190	0.0031
1047	0.58	0.67	0	79	181	0.0019
1048	0.62	0.6	180	270	10	0.0028
1049	0.5	0.65	0	90	190	0.0023
1050	0.6	0.6955	0	79	190	0.0031
1051	0.6	0.62	0	79	190	0.002885
1536	0.6	0.6	0	90	20	0.002
1537	0.6	0.65	180	270	25	0.0021
1538	0.77	0.8	180	270	25	0.0021
1539	0.67	0.65	180	270	25	0.002
1540	0.7	0.7	180	270	25	0.002
1541	0.65	0.64	180	270	25	0.002
1542	0.67	0.64	180	270	25	0.002
1543	0.6	0.57	180	270	25	0.002
1544	0.7	0.67	180	270	25	0.002
1545	0.6	0.65	180	270	25	0.0021
1546	0.7	0.7	180	270	20	0.0017
1547	0.6	0.65	180	90	15	0.0025
1548	0.6	0.65	180	270	25	0.0021
1549	0.61	0.76	180	90	0	0.0023
1550	0.53	0.68	180	-90	0	0.002
1551	0.61	0.76	180	-90	0	0.002
1552	0.61	0.76	180	90	0	0.002
1553	0.61	0.76	180	-90	0	0.002
1554	0.5	0.76	180	270	0	0.002
1555	0.55	0.7	0	50	190	0.0023
1556	0.55	0.7	0	0	180	0.002
1557	0.61	0.76	180	-90	0	0.002
1558	0.5	0.94	0	-90	180	0.0025
1559	0.53	0.87	180	-90	0	0.0024
1560	0.55	0.8855	0	50	190	0.002995
1561	0.55	0.8855	0	50	190	0.002805
2048	0.5	0.6	180	270	25	0.0025
2049	0.5	0.6	180	270	25	0.0025
2050	0.5	0.6	180	270	25	0.0025
2051	0.5	0.6	180	270	25	0.0025
2052	0.5	0.6	180	270	25	0.0025
2053	0.5	0.6	180	270	25	0.0025
2054	0.5	0.6	180	270	25	0.0025
2055	0.5	0.6	0	270	15	0.0012
2056	0.65	0.73	90	180	29	0.0024
2057	0.6	0.78	90	180	26	0.0024
2058	0.7	0.7	90	180	20	0.0025
2059	0.7	0.7	90	180	20	0.0025
2060	0.69	0.75	90	180	20	0.0024
2061	0.69	0.75	90	180	20	0.0024
2062	0.69	0.75	90	180	20	0.0024
2063	0.7	0.7	0	270	15	0.0011
2064	0.7	0.7	90	180	20	0.0025
2065	0.5	0.5	0	90	15	0.0025
2066	0.69	0.8	90	180	20	0.0024
2067	0.7	0.75	90	180	20	0.002
2068	0.5	0.55	180	-90	15	0.0025
2069	0.54	0.49	180	-90	15	0.0021
2070	0.31	0.54	180	-90	15	0.002
2071	0.31	0.54	180	-90	15	0.0031
2072	0.41	0.57	180	-90	15	0.0023
2073	0.44	0.54	180	-90	15	0.0024
2074	0.7	0.7	90	180	20	0.002
2075	0.5	0.5	0	90	0	0.0025
2076	0.5	0.5	0	229	190	0.003
2077	0.5	0.5	0	90	15	0.0025
2078	0.5	0.79	90	0	10	0.0017
2079	0.5	0.5	0	229	190	0.003
2080	0.5	0.5	0	90	0	0.0036125
2081	0.5	0.5	0	90	0	0.0034725
2082	0.5	0.444	0	270	0	0.0034725
2083	0.5	0.387	0	90	0	0.003145
2084	0.5	0.5	0	90	180	0.0026
2085	0.184	0.424	0	90	0	0.0028875
2560	0.6	0.55	180	270	15	0.0022
2561	0.6	0.55	180	270	25	0.0022
2562	0.6	0.55	180	270	25	0.0022
2563	0.6	0.55	180	270	25	0.0022
2564	0.6	0.55	180	270	25	0.0022
2565	0.6	0.55	180	270	15	0.0022
2566	0.6	0.55	180	270	15	0.0022
2567	0.6	0.55	180	270	25	0.0022
2568	0.6	0.55	180	270	25	0.0022
2569	0.6	0.55	180	270	15	0.0022
2570	0.6	0.55	180	90	15	0.0019
2571	0.6	0.55	180	270	15	0.0022
2572	0.84	0.77	180	0	8	0.0021
2573	0.8	0.5	180	90	8	0.0021
2574	0.6	0.47	180	270	15	0.0027
2575	0.6	0.55	180	270	15	0.0028
2576	0.6	0.55	180	270	15	0.0028
2577	0.83	0.51	180	270	15	0.0028
2578	0.8	0.55	180	270	15	0.0027
2579	0.44	0.6	180	270	15	0.0028
2580	0.6	0.55	180	270	15	0.0028
2581	0.6	0.55	0	0	0	0.004
2582	0.6	0.55	0	0	0	0.004
2583	0.52	0.55	0	0	0	0.004
2590	0.6	0.55	180	90	10	0.0022
2591	0.6	0.55	180	90	10	0.0022
2592	0.6	0.55	180	270	15	0.0022
2593	0.78	0.67	180	90	10	0.0028
2594	0.6	0.65	180	90	10	0.0027
2595	0.6	0.57	180	270	15	0.0022
2596	0.67	0.49	180	270	15	0.0023
2597	0.6	0.55	180	270	25	0.0022
2598	0.6	0.55	180	270	15	0.0022
2599	0.6	0.55	180	270	15	0.0028
2600	0.6	0.55	0	0	0	0.004
2601	0.55	0.63	0	84	190	0.0025
2602	0.56	0.55	0	0	204	0.0019
2603	0.49	0.73	0	-79	190	0.0028
2604	0.53	0.6	0	0	180	0.0025
2605	0.6	0.55	180	270	15	0.0022
2606	0.6	0.55	180	270	15	0.0028
2607	0.52	0.55	0	0	0	0.004
2608	0.6	0.55	180	270	25	0.0022
2609	0.5	0.6	0	90	190	0.0023
2610	0.38	0.58	0	90	190	0.0022
2611	0.55	0.63	0	84	190	0.002265
2612	0.49	0.488	0	-79	190	0.0028
2613	0.55	0.63	0	84	190	0.003
2614	0.787	0.636	0	-79	190	0.00354
3072	0.5	0.6	270	270	0	0.0025
3073	0.5	0.6	270	270	0	0.0025
3074	0.5	0.6	270	270	0	0.0025
3075	0.5	0.6	270	270	0	0.0025
3076	0.5	0.6	270	270	0	0.0025
3077	0.5	0.6	270	270	0	0.0025
3078	0.5	0.73	270	270	0	0.0025
3079	0.5	0.7	270	270	0	0.0024
3080	0.5	0.6	270	270	0	0.0025
3081	0.5	0.6	270	270	0	0.0025
3082	0.5	0.54	270	270	0	0.0025
3083	0.5	0.6	270	270	0	0.0025
3084	0.5	0.6	270	270	0	0.0025
3085	0.5	0.6	270	270	0	0.0025
3086	0.44	0.73	270	270	0	0.0025
3087	0.5	0.75	270	270	0	0.0025
3088	0.5	0.9	270	270	0	0.0025
3089	0.5	0.6	270	270	0	0.0025
3090	0.5	0.6	270	270	0	0.0025
3091	0.5	0.6	270	270	0	0.0025
3092	0.5	0.6	270	270	0	0.0025
3093	0.54	0.58	270	270	0	0.0025
3094	0.36	0.6	-90	-90	0	0.002
3095	0.47	0.65	-90	-90	0	0.0027
3096	0.47	0.57	-90	-90	0	0.0027
3097	0.49	0.6	-90	-90	0	0.0027
3098	0.44	0.54	-90	-90	0	0.0023
3099	0.44	0.73	270	270	0	0.0025
3100	0.5	0.6	270	270	0	0.0025
3101	0.46	0.69	270	278	0	0.002
3102	0.44	0.6	270	270	0	0.0023
3103	0.44	0.6	270	270	0	0.0023
3104	0.44	0.6	270	270	0	0.0023
3105	0.53	0.75	91	274	180	0.002
3106	0.53	0.75	91	274	180	0.002
3107	0.53	0.75	91	274	180	0.002
3108	0.53	0.75	91	274	180	0.0015
3109	0.44	0.73	270	270	0	0.0025
3110	0.54	0.58	270	270	0	0.0025
3111	0.44	0.6	270	270	0	0.0023
3112	0.51	0.71	-60	270	0	0.0021
3113	0.44	0.6	270	270	0	0.0023
3584	0.5	0.8	270	-10	0	0.0039
3585	0.5	0.8	270	-10	0	0.0038
3586	0.5	0.8	270	-10	0	0.0039
3587	0.5	0.8	270	-10	0	0.0039
3588	0.5	0.8	270	-10	0	0.0039
3589	0.5	0.8	270	-10	0	0.0039
3590	0.5	0.8	270	-10	0	0.0039
3591	0.5	0.8	270	-10	0	0.0039
3592	0.5	0.8	270	-10	0	0.0039
3593	0.5	0.8	270	-10	0	0.0039
3594	0.5	0.8	270	-10	0	0.0039
3595	0.5	0.8	270	-10	0	0.0039
3596	0.5	0.8	270	-46	0	0.0038
3597	0.5	0.8	270	-10	0	0.0039
3598	0.5	0.8	270	-10	0	0.0039
3600	0.5	0.8	270	-10	0	0.0039
3601	0.5	0.8	270	-10	0	0.0039
3602	0.5	0.8	270	-10	0	0.0038
3603	0.5	0.8	270	-10	0	0.0039
3605	0.5	0.8	270	-10	0	0.0039
3606	0.5	0.8	270	-10	0	0.0039
3608	0.5	0.8	270	-10	0	0.0039
3609	0.5	0.8	270	-10	0	0.0039
3610	0.5	0.8	270	-10	0	0.0039
3611	0.5	0.8	270	-10	0	0.0039
3612	0.5	0.8	270	-10	0	0.0039
3613	0.5	0.8	270	-10	0	0.0039
3614	0.5	0.8	-90	0	0	0.0039
3615	0.5	0.8	-90	0	0	0.007
3617	0.5	0.8	270	-10	0	0.0039
3618	0.5	0.8	270	-10	0	0.0039
3619	0.5	0.8	-90	22	0	0.0038
3620	0.5	0.8	270	-10	0	0.0039
3622	0.5	0.8	270	-10	0	0.0039
3623	0.5	0.8	-90	0	0	0.007
3624	0.5	1	-90	0	0	0.007
3625	0.5	1	-90	0	0	0.007
3626	0.5	0.8	-90	0	0	0.007
3627	0.5	1	-90	0	0	0.007
3628	0.5	1	-90	0	0	0.007
3629	0.5	0.8	270	-10	0	0.0039
3630	0.5	0.8	270	-10	0	0.0039
3633	0.5	0.8	270	-10	0	0.0039
3634	0.5	0.8	270	-10	0	0.0039
3635	0.5	0.8	270	-10	0	0.0039
3636	0.5	0.8	270	-10	0	0.0039
3637	0.47	0.78	-90	-13	0	0.0045
3638	0.49	0.88	-90	-18	0	0.0044
3639	0.5	0.91	-90	-18	0	0.0042
3640	0.5	0.91	-90	-9	0	0.0045
3642	0.5	0.91	-90	-10	0	0.0043
3643	0.5	0.8	-90	25	0	0.0039
3644	0.5	0.8	270	-10	0	0.0039
3645	0.5	0.8	270	-10	0	0.0039
3646	0.52	0.65	270	-10	0	0.0038
3647	0.54	0.65	270	-10	0	0.0039
3648	0.44	0.65	270	-10	0	0.0039
3649	0.49	0.75	-90	25	0	0.007
3650	0.5	0.8	270	-10	0	0.0039
3651	0.44	0.64	270	-10	0	0.0039
3652	0.52	0.67	270	-10	0	0.0038
3653	0.5	0.8	270	-10	0	0.0039
3654	0.5	0.8	270	-10	0	0.007
3656	0.5	0.62	270	-10	0	0.0039
3657	0.5	0.78	270	-10	0	0.0039
3658	0.49	0.88	-90	-18	0	0.0044
3659	0.5	0.9	-90	-10	0	0.0046
3662	0.44	0.64	270	-10	0	0.0039
3663	0.5	0.8	270	-10	0	0.0039
3664	0.52	0.67	270	-10	0	0.0038
3665	0.5	0.8	270	-10	0	0.0039
3666	0.5	0.8	270	-10	0	0.007
3667	0.5	0.8	-90	25	0	0.0039
3669	0.5	0.8	270	-10	0	0.0039
3670	0.5	0.8	270	-10	0	0.0039
3671	0.5	0.8	270	-10	0	0.0039
3672	0.5	0.8	270	-10	0	0.0039
3673	0.5	0.8	-90	0	0	0.007
3674	0.5	0.8	270	-10	0	0.0039
3675	0.51	0.8	269	32	-1	0.0045
3676	0.51	0.8	-90	25	-1	0.0045
3677	0.51	0.8	270	27	0	0.004
3678	0.5	0.83	270	22	0	0.0042
3679	0.5	0.83	270	-90	0	0.0033
3680	0.51	0.8	269	32	-1	0.0045
3681	0.51	0.8	270	27	0	0.004
3682	0.5	0.94	80	160	180	0.0045
3683	0.5	1.13	90	160	180	0.0071
3684	0.5	1.12	88	150	180	0.0067
3685	0.5	1.12	88	150	180	0.0067
3687	0.5	1.13	90	160	180	0.0071
3688	0.5	0.94	80	160	180	0.0045
3689	0.5	0.97	87	161	180	0.0069
3690	0.455	0.921	80	180	180	0.00594
3691	0.455	0.921	80	180	180	0.00594
3692	0.455	1.219	80	180	180	0.007615
3693	0.455	1.219	80	180	180	0.007615
3695	0.455	0.921	80	180	180	0.00594
3696	0.455	0.921	80	180	180	0.00594
3697	0.455	0.976	80	180	180	0.006545
3698	0.455	1.219	80	180	180	0.007615
3699	0.5	1.13	90	160	180	0.0071
3700	0.5	1.12	88	150	180	0.0067
3701	0.5	1.12	88	150	180	0.0067
3703	0.5	1.13	90	160	180	0.0071
3704	0.5	0.94	80	160	180	0.0045
3705	0.5	0.97	87	161	180	0.0069
3706	0.5	0.94	80	160	180	0.0045
3707	0.5	1.13	90	160	180	0.0071
3708	0.5	1.12	88	150	180	0.0067
3709	0.5	1.12	88	150	180	0.0067
3711	0.5	1.13	90	160	180	0.0071
3712	0.5	0.94	80	160	180	0.0045
3713	0.5	0.97	87	161	180	0.0069
3714	0.44	0.73	270	270	0	0.0025
3715	0.54	0.58	270	270	0	0.0025
3716	0.44	0.6	270	270	0	0.0023
3718	0.5	0.8	270	-10	0	0.0039
3719	0.5	1	-90	0	0	0.007
3720	0.5	0.8	270	-10	0	0.0039
3721	0.51	0.8	270	27	0	0.004
3722	0.5	0.883	90	160	180	0.005615
3723	0.5	0.883	90	160	180	0.005615
3724	0.5	1.013	90	160	180	0.00594
3725	0.5	1.013	90	160	180	0.00594
3727	0.5	0.883	90	160	180	0.005615
3728	0.5	0.883	90	160	180	0.005615
3729	0.5	0.883	90	160	180	0.006405
3730	0.5	0.99	90	157	180	0.0069
3731	0.5	0.97	90	156	180	0.0069
3732	0.5	1.31	90	156	180	0.0077
3733	0.5	0.85	87	161	180	0.0055
3734	0.5	0.94	90	150	180	0.0063125
3735	0.472	0.94	90	150	180	0.007985
3736	0.5	1.12	90	150	180	0.0048825
3737	0.5	1.12	90	150	180	0.0048825
3739	0.472	0.94	90	150	180	0.007985
3740	0.5	0.94	90	150	180	0.0063125
3741	0.5	0.9905	90	150	180	0.0048825
3742	0.5	1.12	88	150	180	0.0067
3743	0.5	1.013	90	160	180	0.00594
3744	0.5	1.12	90	150	180	0.0048825
4096	0.5	0.97	270	-10	0	0.0039
4097	0.5	0.8	270	-10	0	0.0039
4098	0.5	1.05	270	-10	0	0.0039
4099	0.5	1.1	270	-10	0	0.0039
4100	0.5	1.04	270	-10	0	0.0039
4101	0.5	0.8	270	-10	0	0.0039
4102	0.5	1.05	270	-10	0	0.0039
4103	0.5	0.8	270	-10	0	0.0039
4104	0.5	1.1	270	-10	0	0.0039
4105	0.5	0.8	270	-10	0	0.0039
4106	0.5	1.11	270	0	0	0.0038
4107	0.5	1.17	270	0	0	0.0038
4108	0.5	1.11	270	-10	0	0.0039
4109	0.5	1.06	270	-10	0	0.0039
4110	0.5	1.06	270	-10	0	0.0039
4111	0.5	1	270	-10	0	0.0039
4112	0.5	0.8	270	-10	0	0.0039
4113	0.5	0.8	270	-10	0	0.0039
4114	0.5	0.85	270	-10	0	0.0039
4115	0.5	1.01	270	-10	0	0.0039
4116	0.5	0.88	270	-10	0	0.0039
4117	0.5	0.8	270	-10	0	0.0039
4118	0.5	0.88	270	-10	0	0.0039
4119	0.5	0.88	270	-10	0	0.0039
4120	0.5	1.01	270	-10	0	0.0039
4121	0.5	0.8	270	-10	0	0.0039
4122	0.5	0.8	270	-10	0	0.0039
4123	0.5	0.8	270	-10	0	0.0039
4124	0.5	0.8	270	-10	0	0.0039
4125	0.5	0.8	-90	0	0	0.0033
4126	0.5	0.8	-90	0	0	0.0035
4127	0.5	0.83	270	-10	0	0.0039
4128	0.5	0.8	270	-10	0	0.0035
4129	0.5	0.8	270	-10	0	0.0039
4130	0.5	0.73	-90	0	0	0.0032
4131	0.5	0.65	-90	0	0	0.0032
4132	0.5	0.85	-90	0	0	0.0039
4133	0.5	0.96	-90	0	0	0.0039
4134	0.5	1.01	270	-10	0	0.0039
4135	0.5	1.14	-90	0	0	0.0039
4136	0.5	1.14	-90	0	0	0.0038
4137	0.5	1.14	-90	0	0	0.0039
4138	0.5	1.12	-90	0	0	0.0039
4139	0.5	1.11	-90	0	0	0.0039
4140	0.5	1.14	-90	0	0	0.0039
4141	0.5	0.91	270	-10	0	0.0039
4142	0.5	0.95	270	-10	0	0.0039
4143	0.5	0.88	270	-10	0	0.0039
4144	0.5	0.91	270	-10	0	0.0039
4145	0.5	0.96	270	-10	0	0.0039
4146	0.5	1.01	270	-10	0	0.0039
4147	0.5	0.9	270	-10	0	0.0039
4148	0.5	0.86	270	-10	0	0.0039
4149	0.5	1.14	-90	0	0	0.0033
4150	0.49	0.9	-90	0	0	0.003
4151	0.5	0.88	-90	-10	0	0.0033
4152	0.52	1.14	-90	-10	0	0.0036
4153	0.47	0.85	270	0	0	0.003
4154	0.47	0.9	-90	-10	0	0.0035
4155	0.5	0.6	0	0	0	0.0039
4156	0.5	0.5	0	0	0	0.0039
4157	0.5	0.5	0	0	0	0.0039
4158	0.5	0.88	270	-10	0	0.0039
4159	0.5	1.09	270	-10	0	0.0039
4160	0.5	0.8	270	-10	0	0.0039
4161	0.5	0.9	-90	0	0	0.0039
4162	0.5	0.67	270	-10	0	0.0038
4163	0.5	0.75	270	-10	0	0.0039
4164	0.5	0.82	270	-10	0	0.0039
4165	0.5	0.83	270	-10	0	0.0039
4166	0.5	0.82	270	-10	0	0.0039
4167	0.5	0.73	270	-10	0	0.0039
4168	0.5	0.8	270	-10	0	0.0039
4169	0.5	0.8	90	0	0	0.0039
4170	0.49	0.9	-90	0	0	0.0033
4171	0.5	1	-90	-10	0	0.0037
4172	0.5	0.9	-90	-10	0	0.0042
4174	0.5	0.75	270	-10	0	0.0039
4175	0.5	0.83	270	-10	0	0.0039
4176	0.5	0.82	270	-10	0	0.0039
4177	0.5	0.8	270	-10	0	0.0039
4178	0.5	1	270	-10	0	0.0039
4179	0.5	0.85	270	-10	0	0.0039
4180	0.5	0.88	270	-10	0	0.0039
4181	0.5	0.8	270	-10	0	0.0039
4182	0.5	0.88	270	-10	0	0.0039
4183	0.5	1.01	270	-10	0	0.0039
4184	0.5	0.8	270	-10	0	0.0039
4185	0.5	1.12	-90	0	0	0.0039
4186	0.5	0.5	-90	0	0	0.0039
4187	0.51	1	278	0	0	0.0035
4188	0.51	1	278	0	0	0.0035
4189	0.51	1	278	0	0	0.0035
4190	0.5	0.9	270	0	0	0.0031
4191	0.5	1	270	0	0	0.0033
4192	0.51	0.82	278	0	0	0.0035
4193	0.51	0.82	278	0	0	0.0035
4194	0.5	0.95	90	180	180	0.003
4195	0.5	0.95	90	180	180	0.003
4196	0.5	1.05	90	180	180	0.003
4197	0.5	1.05	90	180	180	0.003
4198	0.5	0.95	90	180	180	0.003
4199	0.5	0.95	90	180	180	0.003
4200	0.5	0.95	90	180	180	0.003
4201	0.5	1.02	262	1	-1	0.0033
4202	0.5	0.893	90	180	180	0.0038825
4203	0.5	0.893	90	180	180	0.0038825
4204	0.5	1.097	90	180	180	0.004115
4205	0.5	1.097	90	180	180	0.004115
4206	0.5	0.893	90	180	180	0.0038825
4207	0.5	0.893	90	180	180	0.0038825
4208	0.5	0.893	90	180	180	0.0038825
4209	0.5	1.097	90	180	180	0.004115
4210	0.5	1.097	90	180	180	0.004115
4211	0.5	0.893	90	180	180	0.0038825
4212	0.5	1.05	90	180	180	0.003
4213	0.5	1.05	90	180	180	0.003
4214	0.5	0.95	90	180	180	0.003
4215	0.5	0.95	90	180	180	0.003
4216	0.5	0.95	90	180	180	0.003
4217	0.5	1.02	262	1	-1	0.0033
4218	0.5	0.95	90	180	180	0.003
4219	0.5	0.95	90	180	180	0.003
4220	0.5	1.05	90	180	180	0.003
4221	0.5	1.05	90	180	180	0.003
4222	0.5	0.95	90	180	180	0.003
4223	0.5	0.95	90	180	180	0.003
4224	0.5	0.95	90	180	180	0.003
4225	0.5	1.05	90	180	180	0.003
4226	0.5	0.8	270	-10	0	0.0039
4227	0.5	1.1	270	-10	0	0.0039
4228	0.5	1.06	270	-10	0	0.0039
4229	0.5	1	270	-10	0	0.0039
4230	0.5	0.8	270	-10	0	0.0039
4231	0.5	1.14	-90	0	0	0.0038
4232	0.5	0.28	0	0	0	0.0039
4233	0.51	1	278	0	0	0.0035
4234	0.5	0.93	90	180	180	0.003745
4235	0.5	0.93	90	180	180	0.003745
4236	0.5	1.023	90	180	180	0.003745
4237	0.5	1.023	90	180	180	0.003745
4238	0.5	0.93	90	180	180	0.003745
4239	0.5	0.93	90	180	180	0.003745
4240	0.5	0.93	90	180	180	0.003745
4241	0.5	1.079	90	180	180	0.003745
4242	0.5	1	90	180	180	0.0034
4243	0.5	1	262	1	-1	0.0033
4244	0.51	1	90	180	180	0.0031
4245	0.5	1	262	1	-1	0.0031
4246	0.5	0.95	90	180	180	0.00421
4247	0.5	0.95	90	180	180	0.00421
4248	0.5	1.149	90	180	180	0.00421
4249	0.5	1.111	90	180	180	0.00421
4250	0.5	0.95	90	180	180	0.00421
4251	0.5	0.95	90	180	180	0.00421
4252	0.5	0.95	90	180	180	0.00421
4253	0.5	1.02	262	1	-1	0.0033
4254	0.5	1.05	90	180	180	0.003
4255	0.5	1.023	90	180	180	0.003745
4256	0.5	1.149	90	180	180	0.00421
4257	0.5	0.95	90	180	180	0.003
4258	0.5	0.93	90	180	180	0.003745
4259	0.5	0.95	90	180	180	0.00421
4608	0.5	0.9	270	-10	0	0.0033
4609	0.5	0.9	270	-10	0	0.0033
4610	0.5	0.9	270	-10	0	0.0033
4611	0.5	0.9	270	-10	0	0.0033
4612	0.5	0.9	270	-10	0	0.0033
4613	0.5	0.9	270	-10	0	0.0033
4614	0.5	0.9	270	-10	0	0.0033
4615	0.5	0.9	270	-10	0	0.0033
4616	0.5	0.9	270	-10	0	0.0033
4617	0.5	0.9	270	-10	0	0.0033
4618	0.5	1.27	270	0	0	0.0033
4619	0.5	1.19	270	0	0	0.0033
4620	0.5	0.9	270	-10	0	0.0033
4621	0.5	0.98	270	-10	0	0.0033
4622	0.5	0.9	270	-10	0	0.0033
4623	0.5	0.9	270	-10	0	0.0033
4624	0.5	0.9	270	-10	0	0.0033
4625	0.5	0.9	270	-10	0	0.0033
4626	0.5	0.89	270	-10	0	0.0032
4627	0.5	0.9	270	-10	0	0.0033
4628	0.5	0.9	270	-10	0	0.0033
4629	0.5	0.9	270	-10	0	0.0033
4630	0.5	0.9	270	-10	0	0.0033
4631	0.5	0.9	270	-10	0	0.0033
4632	0.5	0.9	270	-10	0	0.0033
4633	0.5	0.9	270	-10	0	0.0033
4634	0.5	0.9	270	-10	0	0.0033
4635	0.5	0.9	270	-10	0	0.0033
4636	0.5	0.9	270	-10	0	0.0033
4637	0.5	0.9	270	-10	0	0.0033
4638	0.5	0.9	270	-10	0	0.0033
4639	0.5	0.9	270	-10	0	0.0033
4640	0.5	0.9	270	-10	0	0.0033
4641	0.5	0.9	270	-10	0	0.0033
4642	0.5	0.9	270	-10	0	0.0033
4643	0.5	0.9	270	-10	0	0.0033
4644	0.5	0.9	270	-10	0	0.0033
4645	0.5	0.9	270	-10	0	0.0033
4646	0.5	0.98	270	-10	0	0.0033
4647	0.5	0.9	270	-10	0	0.0033
4648	0.5	0.9	270	-10	0	0.0033
4649	0.5	0.9	270	-10	0	0.0033
4650	0.5	0.9	270	-10	0	0.0033
4651	0.5	0.9	270	-10	0	0.0033
4652	0.5	0.9	270	-10	0	0.0033
4653	0.5	0.9	270	-10	0	0.0033
4654	0.5	0.9	270	-10	0	0.0033
4655	0.5	0.9	270	-10	0	0.0033
4656	0.5	0.9	270	-10	0	0.0033
4657	0.5	0.9	270	-10	0	0.0033
4658	0.5	0.9	270	-10	0	0.0033
4659	0.5	0.9	270	-10	0	0.0033
4660	0.5	0.9	270	-10	0	0.0033
4661	0.51	1.1	270	0	0	0.0032
4662	0.5	1	270	0	0	0.003
4663	0.5	0.65	270	0	0	0.0025
4664	0.5	0.89	270	0	0	0.0029
4665	0.5	1	270	0	0	0.003
4666	0.5	1.1	270	0	0	0.0035
4667	0.5	0.98	270	-10	0	0.0033
4668	0.5	0.9	270	-10	0	0.0033
4669	0.5	0.9	270	-10	0	0.0033
4670	0.5	0.9	270	-10	0	0.0033
4671	0.5	1.11	270	-10	0	0.0032
4672	0.5	0.9	270	-10	0	0.0033
4673	0.5	0.9	270	-10	0	0.0033
4674	0.5	0.9	270	-10	0	0.0033
4675	0.5	0.9	270	-10	0	0.0033
4676	0.5	0.9	270	-10	0	0.0033
4677	0.5	0.9	270	-10	0	0.0033
4678	0.5	0.9	270	-10	0	0.0033
4679	0.5	0.9	270	-10	0	0.0033
4680	0.5	0.9	270	-10	0	0.0033
4681	0.5	0.9	270	-10	0	0.0033
4682	0.5	0.96	-90	-10	0	0.0033
4683	0.52	0.9	-90	-10	0	0.0032
4684	0.49	0.93	-90	-10	0	0.0032
4686	0.5	0.9	270	-10	0	0.0033
4687	0.5	0.9	270	-10	0	0.0033
4688	0.5	0.9	270	-10	0	0.0033
4689	0.5	0.9	270	-10	0	0.0033
4690	0.5	0.9	270	-10	0	0.0033
4691	0.5	0.9	270	-10	0	0.0033
4692	0.5	0.9	270	-10	0	0.0033
4693	0.5	0.9	270	-10	0	0.0033
4694	0.5	0.9	270	-10	0	0.0033
4695	0.5	0.9	270	-10	0	0.0033
4696	0.5	0.9	270	-10	0	0.0033
4697	0.5	0.9	270	-10	0	0.0033
4698	0.5	0.9	270	-10	0	0.0033
4699	0.49	0.85	-90	180	0	0.0025
4700	0.51	0.83	254	8	1	0.0025
4701	0.51	0.83	270	8	1	0.0025
4702	0.5	0.78	270	0	0	0.0026
4703	0.5	0.85	270	0	0	0.0028
4704	0.49	0.85	-90	180	0	0.0025
4705	0.51	0.83	270	8	1	0.0025
4706	0.5	0.95	90	180	180	0.003
4707	0.5	0.75	90	170	180	0.002
4708	0.5	0.85	90	180	180	0.0024
4709	0.5	0.85	90	180	180	0.0024
4710	0.5	0.95	90	180	180	0.003
4711	0.5	0.75	90	170	180	0.002
4712	0.5	0.95	90	180	180	0.003
4713	0.5	0.81	276	359	359	0.0022
4714	0.5	1.004	90	180	180	0.003465
4715	0.5	1.004	90	180	180	0.003465
4716	0.5	1.004	90	180	180	0.003465
4717	0.5	1.004	90	180	180	0.003465
4718	0.5	1.004	90	180	180	0.003465
4719	0.5	1.004	90	180	180	0.003465
4720	0.5	1.004	90	180	180	0.003465
4721	0.5	1.004	90	180	180	0.003465
4722	0.5	1.004	90	180	180	0.003465
4723	0.5	1.004	90	180	180	0.003465
4724	0.5	0.85	90	180	180	0.0024
4725	0.5	0.85	90	180	180	0.0024
4726	0.5	0.95	90	180	180	0.003
4727	0.5	0.75	90	170	180	0.002
4728	0.5	0.95	90	180	180	0.003
4729	0.5	0.81	276	359	359	0.0022
4730	0.5	0.95	90	180	180	0.003
4731	0.5	0.75	90	170	180	0.002
4732	0.5	0.85	90	180	180	0.0024
4733	0.5	0.85	90	180	180	0.0024
4734	0.5	0.75	90	170	180	0.002
4735	0.5	0.75	90	170	180	0.002
4736	0.5	0.95	90	180	180	0.003
4737	0.5	0.81	276	359	359	0.0022
4738	0.5	0.9	270	-10	0	0.0033
4739	0.5	0.9	270	-10	0	0.0033
4740	0.5	0.9	270	-10	0	0.0033
4741	0.5	0.9	270	-10	0	0.0033
4742	0.5	0.9	270	-10	0	0.0033
4743	0.5	0.9	270	-10	0	0.0033
4744	0.5	0.9	270	-10	0	0.0033
4745	0.51	0.83	270	8	1	0.0025
4746	0.5	0.95	90	180	180	0.0031875
4747	0.5	0.95	90	180	180	0.0031875
4748	0.5	0.95	90	180	180	0.0031875
4749	0.5	0.95	90	180	180	0.0031875
4750	0.5	0.95	90	180	180	0.0031875
4751	0.5	0.95	90	180	180	0.0031875
4752	0.5	0.95	90	180	180	0.0031875
4753	0.5	0.986	90	180	180	0.0031875
4754	0.53	1.05	-90	0	1	0.0031
4755	0.5	0.97	276	359	1	0.0031
4756	0.5	1	-90	0	1	0.0032
4757	0.5	1.04	276	359	1	0.0033
4758	0.5	0.95	90	180	180	0.0033725
4759	0.5	0.95	90	180	180	0.0033725
4760	0.5	0.95	90	180	180	0.0033725
4761	0.5	0.95	90	180	180	0.0033725
4762	0.5	0.95	90	180	180	0.0033725
4763	0.5	0.95	90	180	180	0.0033725
4764	0.5	0.95	90	180	180	0.0033725
4765	0.5	0.95	90	180	180	0.0033725
4766	0.5	0.85	90	180	180	0.0024
4767	0.5	0.95	90	180	180	0.0031875
4768	0.5	0.95	90	180	180	0.0033725
4769	0.5	0.95	90	180	180	0.003
4770	0.5	0.95	90	180	180	0.0031875
4771	0.5	0.95	90	180	180	0.0033725
5120	0.5	0.9	270	-10	0	0.0038
5121	0.5	0.9	270	-10	0	0.0038
5122	0.5	0.9	270	-10	0	0.0038
5123	0.5	0.9	270	-10	0	0.0038
5124	0.5	0.9	270	-10	0	0.0038
5125	0.5	0.9	270	-10	0	0.0038
5126	0.5	0.9	270	-10	0	0.0038
5127	0.5	0.9	270	-10	0	0.0038
5128	0.5	0.9	270	-10	0	0.0038
5129	0.5	0.9	270	-10	0	0.0038
5130	0.5	0.9	270	-10	0	0.0038
5131	0.5	0.9	270	-10	0	0.0038
5132	0.5	0.9	270	-10	0	0.0038
5133	0.5	0.9	270	-10	0	0.0038
5134	0.5	0.9	270	-10	0	0.0038
5135	0.5	0.9	270	-10	0	0.0038
5136	0.5	0.9	270	-10	0	0.0038
5137	0.5	0.9	270	-10	0	0.0038
5138	0.5	0.9	270	-10	0	0.0038
5139	0.5	0.9	270	-10	0	0.0038
5140	0.5	0.9	270	-10	0	0.0038
5141	0.5	0.9	270	-10	0	0.0038
5142	0.5	0.9	270	-10	0	0.0038
5143	0.5	0.9	270	-10	0	0.0038
5144	0.5	0.9	270	-10	0	0.0038
5145	0.5	0.9	270	-10	0	0.0038
5146	0.5	0.9	270	-10	0	0.0038
5147	0.5	0.9	270	-10	0	0.0038
5148	0.5	0.9	270	-10	0	0.0038
5149	0.5	0.9	270	-10	0	0.0038
5150	0.5	0.9	270	-10	0	0.0038
5151	0.5	0.9	270	-10	0	0.0038
5152	0.5	0.9	270	-10	0	0.0038
5153	0.5	0.9	270	-10	0	0.0038
5154	0.5	0.9	270	-10	0	0.0038
5155	0.5	0.9	270	-10	0	0.0038
5156	0.5	0.9	270	-10	0	0.0038
5157	0.5	0.9	270	-10	0	0.0038
5158	0.5	0.9	270	-10	0	0.0032
5159	0.5	0.9	270	-10	0	0.0038
5160	0.5	0.9	270	-10	0	0.0038
5161	0.5	0.9	270	-10	0	0.0038
5162	0.5	0.9	270	-10	0	0.0038
5163	0.5	0.9	270	-10	0	0.0038
5164	0.5	0.9	270	-10	0	0.0038
5165	0.5	0.9	270	-10	0	0.0038
5166	0.5	0.9	270	-10	0	0.0038
5167	0.5	0.9	270	-10	0	0.0038
5168	0.5	0.9	270	-10	0	0.0038
5169	0.5	0.9	270	-10	0	0.0038
5170	0.5	0.9	270	-10	0	0.0038
5171	0.5	0.9	270	-10	0	0.0038
5172	0.5	0.9	270	-10	0	0.0038
5173	0.5	0.95	270	0	0	0.0032
5174	0.5	0.89	270	0	0	0.0033
5175	0.5	0.89	270	0	0	0.0033
5176	0.5	0.94	270	0	0	0.0038
5177	0.5	0.89	270	0	0	0.0033
5178	0.5	0.9	270	0	0	0.0034
5182	0.5	0.9	270	-10	0	0.0038
5183	0.5	0.9	270	-10	0	0.0038
5184	0.5	0.9	270	-10	0	0.0038
5185	0.5	0.9	270	-10	0	0.0038
5186	0.5	0.9	270	-10	0	0.0038
5187	0.5	0.9	270	-10	0	0.0038
5188	0.5	0.9	270	-10	0	0.0038
5189	0.5	0.9	270	-10	0	0.0038
5190	0.5	0.9	270	-10	0	0.0038
5191	0.5	0.9	270	-10	0	0.0038
5194	0.49	0.93	-90	-10	0	0.0039
5195	0.54	0.91	-90	-10	0	0.0033
5196	0.52	0.9	-90	-10	0	0.0037
5198	0.5	0.9	270	-10	0	0.0037
5199	0.5	0.9	270	-10	0	0.0037
5200	0.5	0.9	270	-10	0	0.0037
5201	0.5	0.9	270	-10	0	0.0033
5202	0.5	0.9	270	-10	0	0.0037
5204	0.5	0.9	270	-10	0	0.0038
5205	0.5	0.9	270	-10	0	0.0038
5206	0.5	0.9	270	-10	0	0.0038
5207	0.5	0.9	270	-10	0	0.0038
5208	0.5	0.9	270	-10	0	0.0038
5209	0.5	0.9	270	-10	0	0.0038
5211	0.53	0.72	-60	0	0	0.003
5212	0.53	0.87	-70	0	0	0.0032
5213	0.53	0.87	-70	0	0	0.003
5214	0.5	0.85	270	0	0	0.0038
5215	0.5	0.85	270	0	0	0.0035
5216	0.53	0.72	-60	0	0	0.003
5217	0.53	0.87	-70	0	0	0.003
5218	0.5	0.95	90	180	180	0.003
5219	0.5	0.95	90	180	180	0.0025
5220	0.5	0.95	90	180	180	0.003
5221	0.5	0.95	90	180	180	0.003
5222	0.5	0.95	90	180	180	0.003
5223	0.5	0.95	90	180	180	0.0025
5225	0.5	0.95	90	180	180	0.003
5226	0.5	0.95	90	180	180	0.00379
5227	0.5	0.95	90	180	180	0.00379
5228	0.5	0.95	90	180	180	0.00379
5229	0.5	0.95	90	180	180	0.00379
5230	0.5	0.95	90	180	180	0.00379
5231	0.5	0.95	90	180	180	0.00379
5233	0.5	0.95	90	180	180	0.00379
5234	0.5	0.95	90	180	180	0.00379
5235	0.5	0.95	90	180	180	0.00379
5236	0.5	0.95	90	180	180	0.003
5237	0.5	0.95	90	180	180	0.003
5238	0.5	0.95	90	180	180	0.003
5239	0.5	0.95	90	180	180	0.0025
5241	0.5	0.95	90	180	180	0.003
5242	0.5	0.95	90	180	180	0.003
5243	0.5	0.95	90	180	180	0.0025
5244	0.5	0.95	90	180	180	0.003
5245	0.5	0.95	90	180	180	0.003
5246	0.5	0.95	90	180	180	0.0025
5247	0.5	0.95	90	180	180	0.0025
5249	0.5	0.95	90	180	180	0.003
5250	0.5	0.9	270	-10	0	0.0038
5251	0.5	0.9	270	-10	0	0.0038
5252	0.5	0.9	270	-10	0	0.0038
5253	0.5	0.9	270	-10	0	0.0038
5254	0.5	0.9	270	-10	0	0.0038
5255	0.5	0.9	270	-10	0	0.0038
5257	0.53	0.87	-70	0	0	0.003
5258	0.5	0.95	90	180	180	0.003465
5259	0.5	0.95	90	180	180	0.003465
5260	0.5	0.95	90	180	180	0.003465
5261	0.5	0.95	90	180	180	0.003465
5262	0.5	0.95	90	180	180	0.003465
5263	0.5	0.95	90	180	180	0.003465
5265	0.5	0.95	90	180	180	0.003465
5266	0.5	0.95	90	180	180	0.003
5267	0.5	0.95	90	180	180	0.003
5268	0.53	0.91	90	180	180	0.0038
5269	0.5	0.95	90	180	180	0.003
5270	0.5	0.95	90	180	180	0.0039775
5271	0.5	0.95	90	180	180	0.0039775
5272	0.5	0.95	90	180	180	0.0039775
5273	0.5	0.95	90	180	180	0.0039775
5274	0.5	0.95	90	180	180	0.0039775
5275	0.5	0.95	90	180	180	0.0039775
5277	0.5	0.95	90	180	180	0.0039775
5278	0.5	0.95	90	180	180	0.003
5279	0.5	0.95	90	180	180	0.003465
5280	0.5	0.95	90	180	180	0.0039775
5281	0.5	0.95	90	180	180	0.003
5282	0.5	0.95	90	180	180	0.003465
5283	0.5	0.95	90	180	180	0.0039775
5632	0.5	0.9	270	-10	0	0.0032
5633	0.5	0.9	270	-10	0	0.0032
5634	0.5	0.9	270	-10	0	0.0032
5635	0.5	0.9	270	-10	0	0.0032
5636	0.5	0.9	270	-10	0	0.0032
5637	0.5	0.9	270	-10	0	0.0032
5638	0.5	0.9	270	-10	0	0.0032
5639	0.5	0.9	270	-10	0	0.0032
5640	0.5	0.9	270	-10	0	0.0032
5641	0.5	0.9	270	-10	0	0.0032
5642	0.5	0.9	270	-10	0	0.0032
5643	0.5	0.9	270	-10	0	0.0032
5644	0.5	0.9	270	-10	0	0.0032
5645	0.5	0.9	270	-10	0	0.0032
5646	0.5	0.9	270	-10	0	0.0032
5647	0.5	0.9	270	-10	0	0.0032
5648	0.5	0.9	270	-10	0	0.0032
5649	0.5	0.9	270	-10	0	0.0032
5650	0.5	0.9	270	-10	0	0.0032
5651	0.5	0.9	270	-10	0	0.0032
5652	0.5	0.9	270	-10	0	0.0032
5653	0.5	0.9	270	-10	0	0.0032
5654	0.5	0.9	270	-10	0	0.0032
5655	0.5	0.9	270	-10	0	0.0032
5656	0.5	0.9	270	-10	0	0.0032
5657	0.5	0.9	270	-10	0	0.0032
5658	0.5	0.9	270	-10	0	0.0032
5659	0.5	0.9	270	-10	0	0.0032
5660	0.5	0.9	270	-10	0	0.0032
5661	0.5	0.9	270	-10	0	0.0032
5662	0.5	0.9	270	-10	0	0.0032
5663	0.5	0.9	270	-10	0	0.0032
5664	0.5	0.9	270	-10	0	0.0032
5665	0.5	0.9	270	-10	0	0.0032
5666	0.5	0.9	270	-10	0	0.0032
5667	0.5	0.9	270	-10	0	0.0032
5668	0.5	0.9	270	-10	0	0.0032
5669	0.5	0.9	270	-10	0	0.0032
5670	0.5	0.9	270	-10	0	0.0032
5671	0.5	0.9	270	-10	0	0.0032
5672	0.5	0.9	270	-10	0	0.0032
5673	0.5	0.9	270	-10	0	0.0032
5674	0.5	0.9	270	-10	0	0.0032
5675	0.5	0.9	270	-10	0	0.0032
5676	0.5	0.9	270	-10	0	0.0032
5677	0.5	0.9	270	-10	0	0.0032
5678	0.5	0.9	270	-10	0	0.0032
5679	0.5	0.9	270	-10	0	0.0032
5680	0.5	0.9	270	-10	0	0.0032
5681	0.5	0.9	270	-10	0	0.0032
5682	0.5	0.9	270	-10	0	0.0032
5683	0.5	0.9	270	-10	0	0.0032
5684	0.5	0.9	270	-10	0	0.0032
5685	0.5	0.89	270	0	0	0.003
5686	0.5	0.88	270	0	0	0.0029
5687	0.5	0.89	270	0	0	0.003
5688	0.5	0.87	270	0	0	0.0031
5689	0.5	0.89	270	0	0	0.003
5690	0.5	0.87	270	0	0	0.0027
5691	0.5	0.9	270	-10	0	0.0032
5692	0.5	0.9	270	-10	0	0.0032
5693	0.5	0.9	270	-10	0	0.0032
5694	0.5	0.9	270	-10	0	0.0032
5695	0.5	0.9	270	-10	0	0.0032
5696	0.5	0.9	270	-10	0	0.0032
5697	0.5	0.9	270	-10	0	0.0032
5698	0.5	0.9	270	-10	0	0.0032
5699	0.5	0.9	270	-10	0	0.0032
5700	0.5	0.9	270	-10	0	0.0032
5701	0.5	0.9	270	-10	0	0.0032
5702	0.5	0.9	270	-10	0	0.0032
5703	0.5	0.9	270	-10	0	0.0032
5704	0.5	0.9	270	-10	0	0.0032
5705	0.5	0.9	270	-10	0	0.0032
5706	0.54	0.88	-90	-10	0	0.0033
5707	0.52	0.9	-90	-10	0	0.0033
5708	0.52	0.9	-90	-10	0	0.0033
5710	0.5	0.9	270	-10	0	0.0033
5711	0.5	0.9	270	-10	0	0.0033
5712	0.5	0.9	270	-10	0	0.0033
5713	0.5	0.9	270	-10	0	0.0033
5714	0.5	0.9	270	-10	0	0.0033
5715	0.5	0.9	270	-10	0	0.0033
5716	0.5	0.9	270	-10	0	0.0032
5717	0.5	0.9	270	-10	0	0.0032
5718	0.5	0.9	270	-10	0	0.0032
5719	0.5	0.9	270	-10	0	0.0032
5720	0.5	0.9	270	-10	0	0.0032
5721	0.5	0.9	270	-10	0	0.0032
5722	0.5	0.9	270	-10	0	0.0032
5723	0.51	0.9	261	0	0	0.0032
5724	0.51	0.9	261	0	0	0.003
5725	0.51	0.9	261	0	0	0.0024
5726	0.5	0.9	270	0	0	0.003
5727	0.5	0.85	270	0	0	0.0033
5728	0.51	0.9	261	0	0	0.0032
5729	0.51	0.9	261	0	0	0.0024
5730	0.5	1	90	180	180	0.003
5731	0.5	1	90	180	180	0.0033
5732	0.5	0.95	90	180	180	0.0033
5733	0.5	0.95	90	180	180	0.0033
5734	0.5	1	90	180	180	0.003
5735	0.5	1	90	180	180	0.0033
5736	0.5	1	90	180	180	0.003
5737	0.5	0.95	90	180	180	0.0025
5738	0.5	0.851	90	180	180	0.0032325
5739	0.5	0.851	90	180	180	0.0032325
5740	0.5	0.851	90	180	180	0.0032325
5741	0.5	0.851	90	180	180	0.0032325
5742	0.5	0.851	90	180	180	0.0032325
5743	0.5	0.851	90	180	180	0.0032325
5744	0.5	0.851	90	180	180	0.0032325
5745	0.5	0.851	90	180	180	0.0032325
5746	0.5	0.851	90	180	180	0.0032325
5747	0.5	0.851	90	180	180	0.0032325
5748	0.5	0.95	90	180	180	0.0033
5749	0.5	0.95	90	180	180	0.0033
5750	0.5	1	90	180	180	0.003
5751	0.5	1	90	180	180	0.0033
5752	0.5	1	90	180	180	0.003
5753	0.5	0.95	90	180	180	0.0025
5754	0.5	1	90	180	180	0.003
5755	0.5	1	90	180	180	0.0033
5756	0.5	0.95	90	180	180	0.0033
5757	0.5	0.95	90	180	180	0.0033
5758	0.5	1	90	180	180	0.0033
5759	0.5	1	90	180	180	0.0033
5760	0.5	1	90	180	180	0.003
5761	0.5	0.95	90	180	180	0.0025
5762	0.5	0.9	270	-10	0	0.0032
5763	0.5	0.9	270	-10	0	0.0032
5764	0.5	0.9	270	-10	0	0.0032
5765	0.5	0.9	270	-10	0	0.0032
5766	0.5	0.9	270	-10	0	0.0032
5767	0.5	0.9	270	-10	0	0.0032
5768	0.5	0.9	270	-10	0	0.0032
5769	0.51	0.9	261	0	0	0.0024
5770	0.5	0.888	90	180	180	0.00309
5771	0.5	0.888	90	180	180	0.00309
5772	0.5	0.888	90	180	180	0.00309
5773	0.5	0.888	90	180	180	0.00309
5774	0.5	0.888	90	180	180	0.00309
5775	0.5	0.888	90	180	180	0.00309
5776	0.5	0.888	90	180	180	0.00309
5777	0.5	0.888	90	180	180	0.00309
5778	0.5	0.95	90	180	180	0.0029
5779	0.5	0.95	90	180	180	0.0029
5780	0.5	0.95	90	180	180	0.0033
5781	0.5	0.95	90	180	180	0.0032
5782	0.5	0.844	-90	-6.66	0	0.003195
5783	0.5	0.844	-90	-6.66	0	0.003195
5784	0.5	0.844	-90	-6.66	0	0.003195
5785	0.5	0.844	-90	-6.66	0	0.003195
5786	0.5	0.844	-90	-6.66	0	0.003195
5787	0.5	0.844	-90	-6.66	0	0.003195
5788	0.5	0.844	-90	-6.66	0	0.003195
5789	0.5	0.844	-90	-6.66	0	0.003195
5790	0.5	0.95	90	180	180	0.0033
5791	0.5	0.888	90	180	180	0.00309
5792	0.5	0.844	-90	-6.66	0	0.003195
5793	0.5	1	90	180	180	0.003
5794	0.5	0.888	90	180	180	0.00309
5795	0.5	0.844	-90	-6.66	0	0.003195
6144	0.5	0.6	270	-10	0	0.002
6145	0.5	0.6	270	-10	0	0.002
6146	0.5	0.6	270	-10	0	0.002
6147	0.5	0.45	270	-10	0	0.002
6148	0.5	0.4	270	-10	0	0.002
6149	0.5	0.75	270	-10	0	0.002
6150	0.5	0.55	270	-10	0	0.0015
6151	0.5	0.78	270	-10	0	0.002
6152	0.5	0.78	270	-10	0	0.002
6153	0.5	0.78	270	-10	0	0.002
6154	0.5	0.78	270	-10	0	0.002
6155	0.5	0.78	270	-10	0	0.002
6156	0.5	0.78	270	-10	0	0.002
6157	0.5	0.78	270	-10	0	0.002
6158	0.5	0.78	270	-10	0	0.002
6159	0.5	0.6	270	-10	0	0.002
6160	0.5	0.78	270	-10	0	0.002
6161	0.5	0.78	270	-10	0	0.002
6162	0.5	0.78	270	-10	0	0.002
6163	0.5	0.78	270	-10	0	0.002
6165	0.5	0.5	270	-10	0	0.002
6166	0.5	0.5	270	-10	0	0.002
6167	0.5	0.5	270	-10	0	0.002
6168	0.5	0.5	270	-10	0	0.002
6170	0.5	0.6	270	-10	0	0.002
6174	0.55	0.98	270	-10	0	0.004
6175	0.55	0.98	270	-10	0	0.004
6176	0.5	0.96	270	-10	0	0.001
6177	0.5	0.96	270	-10	0	0.001
6178	0.5	0.98	270	-10	0	0.001
6179	0.5	0.5	270	-10	0	0.002
6180	0.5	0.79	270	-10	0	0.0018
6181	0.5	0.5	270	-10	0	0.002
6182	0.5	0.5	270	-10	0	0.002
6183	0.5	0.5	270	-10	0	0.0025
6184	0.5	0.47	270	-10	0	0.002
6185	0.5	0.7	270	-10	0	0.002
6186	0.5	0.44	270	0	2	0.002
6187	0.5	0.6	270	-10	0	0.002
6188	0.5	0.78	270	0	0	0.002
6189	0.5	0.78	270	0	0	0.002
6190	0.5	0.78	270	0	0	0.002
6191	0.5	0.78	270	0	0	0.002
6192	0.5	0.5	270	-10	0	0.002
6193	0.5	0.4	-90	0	0	0.002
6194	0.5	0.08	270	-10	0	0.002
6204	0.5	0.6	10	-10	10	0.0022
6205	0.5	0.6	10	-10	10	0.0022
6206	0.5	0.6	10	-10	10	0.0022
6207	0.5	0.6	10	-10	10	0.0022
6208	0.5	0.6	10	-10	10	0.0022
6209	0.5	0.6	10	-10	10	0.0022
6214	0.5	0.6	0	0	0	0.0017
6215	0.5	0.6	0	0	0	0.0017
6216	0.5	0.6	0	0	0	0.0017
6217	0.48	0.6	0	0	359	0.0013
6244	0.5	0.6	0	0	0	0.0017
6245	0.5	0.6	0	0	0	0.0017
6246	0.5	0.6	0	0	0	0.0017
6247	0.5	0.6	0	0	0	0.0017
6248	0.5	0.6	0	0	0	0.0017
6249	0.5	0.6	0	0	0	0.0017
6250	0.5	0.6	0	0	0	0.0017
6251	0.5	0.6	0	0	0	0.0017
6252	0.5	0.6	0	0	0	0.0017
6253	0.5	0.6	0	0	0	0.0017
6254	0.5	0.6	0	0	0	0.0017
6255	0.5	0.6	0	0	0	0.0017
6256	0.5	0.6	0	0	0	0.0017
6257	0.5	0.6	0	0	0	0.0017
6258	0.5	0.6	0	0	0	0.0017
6259	0.5	0.6	0	0	0	0.0017
6260	0.5	0.6	0	0	0	0.0017
6261	0.5	0.6	0	0	0	0.0017
6262	0.5	0.6	0	0	0	0.0017
6263	0.5	0.6	0	0	0	0.0017
6264	0.5	0.6	0	0	0	0.0017
6265	0.5	0.6	0	0	0	0.0017
6266	0.5	0.6	0	0	0	0.0017
6267	0.5	0.6	0	0	0	0.0017
6268	0.5	0.6	0	0	0	0.0017
6269	0.5	0.6	0	0	0	0.0017
6270	0.5	0.6	0	0	0	0.0017
6271	0.5	0.6	0	0	0	0.0017
6272	0.5	0.6	0	0	0	0.0017
6273	0.5	0.6	0	0	0	0.0017
6274	0.5	0.6	270	-10	0	0.0012
6275	0.5	0.6	270	-10	0	0.002
6276	0.5	0.6	270	-10	0	0.0026
6277	0.47	0.6	270	-10	0	0.002
6278	0.5	0.65	270	-10	0	0.002
6279	0.5	0.41	270	-10	0	0.0012
6280	0.55	0.98	270	-10	0	0.0035
6281	0.55	0.88	270	-10	0	0.0025
6282	0.55	0.55	270	-10	0	0.0036
6283	0.55	0.96	270	90	0	0.0035
6284	0.55	0.96	270	-10	0	0.005
6285	0.55	0.6	270	-10	0	0.002
6286	0.18	0.85	270	-10	-45	0.003
6287	0.1	0.91	270	-10	-45	0.004
6288	0.5	0.6	270	-10	0	0.002
6289	0.5	0.6	270	-10	0	0.002
6290	0.5	0.6	270	-10	0	0.002
6291	0.5	0.71	270	-10	0	0.002
6292	0.55	0.73	270	-10	0	0.002
6293	0.55	0.6	270	-10	0	0.002
6294	0.5	0.6	270	-10	0	0.002
6295	0.5	0.6	270	-10	0	0.002
6344	0.5	0.6	270	-10	0	0.002
6345	0.5	0.6	270	-10	0	0.002
6346	0.52	0.6	270	0	0	0.002
6347	0.52	0.6	270	0	0	0.002
6348	0.52	0.6	270	0	0	0.002
6349	0.52	0.6	270	0	0	0.002
6350	0.52	0.6	270	0	0	0.002
6351	0.52	0.6	270	0	0	0.002
6352	0.51	0.6	270	0	0	0.002
6353	0.52	0.6	270	0	0	0.002
6354	0.52	0.6	270	0	0	0.002
6355	0.52	0.6	270	0	0	0.002
6356	0.52	0.6	270	0	0	0.002
6357	0.52	0.6	270	0	0	0.002
6358	0.52	0.6	270	0	0	0.002
6359	0.5	0.6	270	-10	0	0.002
6360	0.52	0.6	270	0	0	0.002
6361	0.5	0.6	270	0	0	0.002
6362	0.52	0.6	270	0	0	0.002
6365	0.5	0.6	270	-10	0	0.002
6366	0.5	0.6	270	-10	0	0.002
6375	0.5	0.6	270	-10	0	0.002
6376	0.5	0.6	270	-10	0	0.002
6385	0.5	0.6	270	-10	0	0.002
6386	0.5	0.6	270	-10	0	0.002
6395	0.5	0.6	270	-10	0	0.002
6396	0.5	0.6	270	-10	0	0.002
6405	0.5	0.6	270	-10	0	0.002
6406	0.5	0.57	270	0	0	0.002
6407	0.5	0.34	270	-10	0	0.0018
6408	0.5	0.6	270	-10	0	0.002
6409	0.5	0.49	270	-10	0	0.002
6410	0.5	0.56	270	0	0	0.002
6411	0.5	0.56	270	0	0	0.0022
6412	0.5	0.56	270	0	0	0.002
6413	0.5	0.47	90	0	180	0.002
6414	0.5	0.42	90	0	180	0.002
6415	0.5	0.5	270	-10	0	0.002
6416	0.5	0.5	270	-10	0	0.002
6417	0.5	0.5	270	-10	0	0.002
6418	0.5	0.5	270	-10	0	0.002
6419	0.5	0.5	270	-10	0	0.002
6420	0.5	0.5	270	-10	0	0.002
6421	0.5	0.5	270	-10	0	0.002
6422	0.5	0.51	90	0	180	0.0012
6423	0.5	0.57	270	0	0	0.002
6424	0.5	0.34	270	-10	0	0.0018
6425	0.5	0.6	270	0	0	0.002
6426	0.5	0.49	270	-10	0	0.002
6427	0.5	0.56	270	0	0	0.0022
6428	0.5	0.57	270	-10	0	0.0022
6429	0.5	0.34	270	-10	0	0.0018
6430	0.5	0.6	270	-10	0	0.0022
6431	0.5	0.49	270	-10	0	0.0022
6432	0.55	0.92	-90	0	0	0.0017
6433	0.5	0.78	-90	0	0	0.002
6434	0.5	0.6	270	-10	0	0.0025
6435	0.5	0.6	270	-10	0	0.0025
6436	0.5	0.6	270	-10	0	0.0025
6437	0.5	0.78	-90	0	0	0.002
6438	0.5	0.78	-90	0	0	0.002
6439	0.67	0.5	270	0	0	0.0023
6440	0.67	0.5	270	0	0	0.0023
6441	0.5	0.78	-90	0	0	0.002
6442	0.5	0.78	-90	0	0	0.002
6443	0.5	0.6	270	-10	0	0.0025
6444	0.5	0.6	270	-10	0	0.0025
6445	0.5	0.5	270	-10	0	0.002
6446	0.5	0.5	270	-10	0	0.002
6447	0.5	0.5	270	-10	0	0.002
6448	0.67	0.5	270	0	0	0.0023
6449	0.67	0.5	270	0	0	0.0023
6450	0.5	0.6	270	0	0	0.002
6451	0.5	0.6	270	0	0	0.002
6452	0.5	0.6	270	0	0	0.002
6455	0.5	0.6	0	0	0	0.0017
6456	0.5	0.6	0	0	0	0.0017
6457	0.5	0.6	0	0	0	0.0017
6458	0.5	0.6	0	0	0	0.0017
6459	0.5	0.6	0	0	0	0.0017
6460	0.5	0.6	0	0	0	0.0017
6461	0.5	0.6	0	0	0	0.0017
6462	0.5	0.6	0	0	0	0.0017
6463	0.5	0.6	0	0	0	0.0017
6464	0.5	0.6	0	0	0	0.0017
6465	0.5	0.6	0	0	0	0.0017
6466	0.5	0.6	0	0	0	0.0017
6467	0.5	0.6	0	0	0	0.0017
6468	0.5	0.6	0	0	0	0.0017
6469	0.5	0.6	0	0	0	0.0017
6470	0.5	0.6	0	0	0	0.0017
6471	0.5	0.6	0	0	0	0.0017
6472	0.5	0.6	0	0	0	0.0017
6473	0.5	0.6	0	0	0	0.0017
6474	0.5	0.6	0	0	0	0.0017
6475	0.5	0.6	0	0	0	0.0017
6476	0.5	0.6	0	0	0	0.0017
6477	0.5	0.6	0	0	0	0.0017
6478	0.5	0.6	0	0	0	0.0017
6479	0.5	0.6	0	0	0	0.0017
6480	0.5	0.6	0	0	0	0.0017
6481	0.5	0.6	0	0	0	0.0017
6482	0.5	0.6	0	0	0	0.0017
6483	0.5	0.6	0	0	0	0.0017
6484	0.5	0.6	0	0	0	0.0017
6485	0.5	0.6	0	0	0	0.0017
6486	0.5	0.6	0	0	0	0.0017
6487	0.5	0.6	0	0	0	0.0017
6488	0.5	0.6	0	0	0	0.0017
6489	0.5	0.6	0	0	0	0.0017
6490	0.5	0.6	0	0	0	0.0017
6491	0.5	0.6	0	0	0	0.0017
6492	0.5	0.6	0	0	0	0.0017
6493	0.5	0.6	0	0	0	0.0017
6494	0.5	0.6	0	0	0	0.0017
6495	0.5	0.6	0	0	0	0.0017
6496	0.5	0.6	0	0	0	0.0017
6497	0.5	0.6	0	0	0	0.0017
6498	0.5	0.6	0	0	0	0.0017
6499	0.5	0.6	0	0	0	0.0017
6500	0.5	0.6	0	0	0	0.0017
6501	0.5	0.6	0	0	0	0.0017
6502	0.5	0.6	0	0	0	0.0017
6503	0.5	0.6	0	0	0	0.0017
6504	0.5	0.6	0	0	0	0.0017
6505	0.5	0.6	0	0	0	0.0017
6506	0.5	0.6	0	0	0	0.0017
6507	0.5	0.6	0	0	0	0.0017
6508	0.5	0.6	0	0	0	0.0017
6509	0.5	0.6	0	0	0	0.0017
6510	0.5	0.6	0	0	0	0.0017
6511	0.5	0.6	0	0	0	0.0017
6512	0.5	0.6	0	0	0	0.0017
6513	0.5	0.6	0	0	0	0.0017
6514	0.5	0.6	0	0	0	0.0017
6515	0.5	0.6	0	0	0	0.0017
6516	0.5	0.6	0	0	0	0.0017
6517	0.5	0.6	0	0	0	0.0017
6518	0.5	0.6	0	0	0	0.0017
6519	0.5	0.6	0	0	0	0.0017
6520	0.5	0.6	0	0	0	0.0017
6521	0.5	0.6	0	0	0	0.0017
6522	0.5	0.6	0	0	0	0.0017
6523	0.5	0.6	0	0	0	0.0017
6524	0.5	0.6	0	0	0	0.0017
6525	0.5	0.6	0	0	0	0.0017
6526	0.5	0.6	0	0	0	0.0017
6527	0.5	0.6	0	0	0	0.0017
6528	0.5	0.6	0	0	0	0.0017
6529	0.5	0.6	0	0	0	0.0017
6530	0.5	0.6	0	0	0	0.0017
6531	0.5	0.6	0	0	0	0.0017
6532	0.5	0.6	0	0	0	0.0017
6533	0.5	0.6	0	0	0	0.0017
6534	0.5	0.6	0	0	0	0.0017
6535	0.5	0.6	0	0	0	0.0017
6536	0.5	0.6	0	0	0	0.0017
6537	0.5	0.6	0	0	0	0.0017
6538	0.5	0.6	0	0	0	0.0017
6539	0.5	0.6	0	0	0	0.0017
6540	0.5	0.6	0	0	0	0.0017
6541	0.5	0.6	0	0	0	0.0017
6542	0.5	0.6	0	0	0	0.0017
6543	0.5	0.6	0	0	0	0.0017
6544	0.5	0.6	0	0	0	0.0017
6545	0.5	1	-90	0	0	0.0023
6546	0.5	0.78	270	-10	0	0.002
6547	0.5	0.5	270	-10	0	0.002
6557	0.611	0.5	-90	0	0	0.0025
6558	0.5	0.5	-90	0	0	0.0021725
6559	0.5	0.63	-90	0	0	0.0017075
6560	0.5	0.5	-90	0	0	0.00194
6561	0.5	0.5	-90	0	0	0.00208
6562	0.5	0.426	-90	0	0	0.001895
6563	0.5	0.463	-90	0	0	0.001615
6564	0.5	0.407	-90	0	0	0.0018925
6565	0.5	0.5	-90	0	0	0.0019875
6566	0.5	0.4	270	-10	0	0.002
6567	0.5	0.75	270	-10	0	0.002
6568	0.5	0.45	270	-10	0	0.002
6569	0.5	0.55	270	-10	0	0.0015
6570	0.5	0.5	-90	0	0	0.002
6571	0.5	0.44	270	0	2	0.002
6572	0.5	0.4	-90	0	0	0.002
6573	0.5	0.47	90	0	180	0.002
6574	0.5	0.5	270	-10	0	0.002
6575	0.5	0.79	270	-10	0	0.0018
6576	0.5	0.5	270	-10	0	0.002
6577	0.5	0.5	270	-10	0	0.0025
6578	0.5	0.47	270	-10	0	0.002
6579	0.5	0.6	270	-10	0	0.002
6580	0.5	0.08	270	-10	0	0.002
6581	0.5	0.42	90	0	180	0.002
6582	0.5	0.5	-90	0	0	0.0021725
6583	0.5	0.63	-90	0	0	0.0017075
6584	0.5	0.5	-90	0	0	0.00194
6585	0.5	0.5	-90	0	0	0.00208
6586	0.5	0.426	-90	0	0	0.001895
6587	0.5	0.463	-90	0	0	0.001615
6588	0.5	0.407	-90	0	0	0.0018925
6589	0.5	0.5	-90	0	0	0.0019875
6656	0.5	0.7	270	-10	0	0.0025
6657	0.5	0.7	270	-10	0	0.0025
6658	0.5	0.91	270	-10	0	0.0025
6659	0.5	0.98	-90	-90	0	0.0025
6660	0.39	0.54	-90	-90	0	0.0015
6661	0.5	0.7	-90	-35	0	0.005
6663	0.5	0.9	270	-10	0	0.0025
6664	0.5	0.7	270	-10	0	0.0025
6665	0.5	0.7	270	-10	0	0.0025
6666	0.5	0.7	270	-10	0	0.0025
6667	0.5	0.85	270	-10	0	0.0025
6668	0.5	0.57	0	0	0	0.0025
6669	0.5	0.54	0	0	0	0.0025
6670	0.6	1	270	-10	0	0.003
6671	0.6	1	270	-10	0	0.003
6672	0.5	0.9	270	-10	0	0.002
6673	0.5	0.9	270	-10	0	0.0018
6674	0.5	0.75	290	0	0	0.0018
6675	0.5	0.5	0	0	0	0.001
6676	0.5	0.65	270	0	0	0.0023
6677	0.5	0.7	270	160	20	0.0025
6678	0.5	0.7	270	160	20	0.0025
6679	0.5	0.7	270	160	20	0.0025
6680	0.5	0.7	270	160	20	0.0025
6681	0.5	0.7	0	0	0	0.0025
6682	0.5	0.7	0	0	0	0.0025
6683	0.5	0.7	0	0	0	0.0025
6684	0.5	0.7	0	0	0	0.0025
6685	0.5	0.5	290	0	0	0.0025
6686	0.5	0.5	-90	0	0	0.002
6687	0.5	0.9	-90	-90	0	0.0025
6688	0.5	0.67	270	0	0	0.0019
6689	0.5	0.5	270	0	0	0.004
6690	0.5	0.5	270	0	0	0.004
6691	0.5	0.5	270	0	0	0.004
6692	0.5	0.5	270	0	0	0.007
6693	0.5	0.5	270	0	0	0.005
6694	0.5	0.47	162	0	0	0.0025
6695	0.5	0.7	270	0	0	0.0025
6696	0.5	0.7	270	0	0	0.0025
6697	0.5	0.7	270	0	0	0.0025
6698	0.5	0.7	270	0	0	0.0025
6699	0.5	0.96	90	0	180	0.0021
6700	0.5	0.1	90	0	0	0.002
6701	0.5	0.16	90	0	0	0.002
6702	0.5	1.1	270	0	0	0.0018
6703	0.5	1.1	270	0	0	0.0018
6704	0.5	1.1	270	0	0	0.0018
6705	0.5	1.17	270	0	0	0.0013
6706	0.5	0.88	270	0	0	0.003
6707	0.5	0.83	270	0	0	0.003
6708	0.5	0.52	270	0	0	0.0049
6709	0.5	0.6	270	120	0	0.0049
6710	0.5	0.91	270	0	0	0.004
6711	0.5	0.91	270	0	0	0.004
6712	0.5	0.91	270	0	0	0.004
6713	0.5	0.91	270	0	0	0.004
6714	0.5	0.91	270	0	0	0.004
6715	0.5	0.57	90	0	0	0.0008
6716	0.5	1.01	270	0	0	0.005
6717	0.5	1.1	270	0	0	0.0018
6718	0.5	1	270	0	0	0.002
6719	0.5	0	90	0	0	0.002
6720	0.5	1.09	270	-10	0	0.0005
6721	0.5	0.88	270	-10	0	0.0016
6722	0.52	1.11	270	0	0	0.002
6723	0.5	1.09	270	40	0	0.0015
6724	0.62	0.85	300	10	20	0.0026
6725	0.5	1.17	270	-30	0	0.0023
6726	0.83	0.73	270	0	70	0.0018
6727	0.5	0.5	270	180	0	0.0019
6728	0.5	0.5	270	180	0	0.0019
6729	0.5	0.5	270	180	0	0.0019
6730	0.5	0.5	270	180	0	0.0019
6731	0.5	0.5	270	180	0	0.0019
6732	0.5	0.98	270	0	0	0.0026
6733	0.5	0.95	-90	0	0	0.0023
6734	0.5	0.95	-90	0	0	0.0023
6736	0.36	0.88	270	50	0	0.002
6737	0.5	0.52	-90	0	0	0.0012
6738	0.5	0.49	-90	0	0	0.0012
6739	0.5	1	270	0	0	0.0021
6740	0.5	1	270	0	0	0.0021
6741	0.5	1	270	0	0	0.0021
6742	0.5	1	270	0	0	0.0021
6743	0.5	0.5	0	0	270	0.002
6744	0.5	1	270	0	0	0.0021
6745	0.5	1	270	0	0	0.0021
6746	0.5	1	270	0	0	0.0021
6747	0.5	1	270	0	0	0.0021
6748	0.5	1	270	0	0	0.0021
6749	0.5	0.93	-90	0	0	0.0021
6750	0.5	0.93	-90	0	0	0.0021
6751	0.5	0.93	270	0	0	0.0021
6752	0.5	0.5	270	0	0	0.003
6753	0.52	0.1	90	0	0	0.0022
6754	0.52	0.1	90	0	0	0.0022
6755	0.47	0.47	270	0	0	0.0015
6759	0.5	0.5	0	0	0	0.0025
6760	0.5	1	270	0	0	0.0025
6761	0.5	1	270	0	0	0.002
6762	0.5	1	270	90	10	0.0014
6763	0.5	0.5	270	25	25	0.003
6765	0.73	0.93	270	25	25	0.0045
6766	0.73	0.93	270	25	25	0.0045
6767	0.73	0.93	270	25	25	0.0045
6768	0.73	0.93	270	25	25	0.0045
6769	0.5	0.7	270	0	0	0.0018
6770	0.5	0.7	270	0	0	0.0018
6771	0.5	0.7	270	0	0	0.0018
6772	0.5	0.93	270	0	0	0.0021
6773	0.5	0.93	270	0	0	0.0022
6774	0.5	0.93	270	0	0	0.0022
6775	0.5	0.93	270	0	0	0.0022
6776	0.5	0.93	270	0	0	0.0022
6777	0.5	0.93	270	0	0	0.0018
6778	0.54	0.98	290	-20	0	0.0032
6779	0.5	1.04	270	40	0	0.0009
6780	0.5	1	270	0	0	0.0012
6781	0.5	1	270	0	0	0.0012
6782	0.5	1	270	0	0	0.0012
6783	0.5	1	270	0	0	0.0012
6784	0.5	1.14	270	-20	0	0.0035
6785	0.5	1.11	270	-20	0	0.0035
6786	0.5	0.7	270	-20	0	0.0032
6787	0.5	0.7	270	-20	0	0.0025
6788	0.5	0.54	270	-20	0	0.0025
6789	0.5	0.7	270	-20	0	0.0033
6790	0.5	1.01	270	-20	0	0.0033
6791	0.5	0.54	270	0	0	0.001
6792	0.5	0.54	270	0	0	0.001
6793	0.5	0.54	270	0	0	0.001
6794	0.5	0.54	270	0	0	0.001
6795	0.5	0.54	270	0	0	0.001
6796	0.5	0.54	270	0	0	0.001
6797	0.5	0.54	270	0	0	0.001
6798	0.5	0.54	270	0	0	0.001
6799	0.5	0.54	270	0	0	0.001
6800	0.5	0.54	270	0	0	0.001
6801	0.5	0.26	90	0	0	0.0008
6802	0.5	0.13	90	0	0	0.0012
6803	0.5	0.49	90	0	0	0.001
6804	0.5	0.7	270	0	0	0.0025
6805	0.5	0.7	270	0	0	0.0025
6806	0.5	0.7	270	0	0	0.0025
6807	0.7	0.52	270	0	0	0.0023
6808	0.5	0.85	270	0	0	0.0015
6809	0.5	0.85	270	0	0	0.0015
6810	0.5	0.85	270	0	0	0.0015
6811	0.5	0.85	270	0	0	0.0015
6812	0.5	0.85	270	0	0	0.0015
6813	0.5	0.85	270	0	0	0.0015
6814	0.5	0.85	270	0	0	0.0015
6815	0.5	0.85	270	0	0	0.0015
6816	0.5	0.54	-90	0	0	0.0011
6817	0.5	0.54	-90	0	0	0.0011
6818	0.5	0.5	0	0	270	0.002
6819	0.54	1	290	-20	0	0.0033
6820	0.54	1	290	-20	0	0.0033
6821	0.57	0.96	290	-20	0	0.0028
6822	0.5	0.98	270	0	0	0.0026
6824	0.52	0.1	90	0	0	0.0022
6825	0.5	0.7	270	0	0	0.0025
6826	0.5	0.7	270	0	0	0.0025
6827	0.53	0.6	270	0	0	0.0025
6828	0.53	0.6	270	0	0	0.0026
6829	0.47	0.9	-60	20	0	0.001
6830	0.47	0.9	-60	20	0	0.001
6831	0.5	1	270	-40	0	0.0022
6832	0.5	1	270	-40	0	0.0021
6833	0.5	0.9	270	0	0	0.0015
6834	0.5	0.9	270	0	0	0.0015
6835	0.5	0.9	270	0	0	0.0015
6836	0.5	0.9	270	0	0	0.0015
6837	0.5	0.9	270	0	0	0.0015
6866	0.53	1	-90	0	1	0.0009
6867	0.5	0.9	90	180	180	0.0016
6868	0.5	1	-80	-45	0	0.001
6869	0.5	1	-80	-45	0	0.0012
6870	0.5	0.8	-90	-21	-1	0.0009
6871	0.5	0.8	-90	-21	-1	0.001
6872	0.48	0.8	273	-51	359	0.0014
6873	0.48	0.8	273	-51	359	0.0015
6874	0.43	0.7	255	-43	359	0.0013
6875	0.5	0.8	-80	-43	359	0.0015
6876	0.53	1	-90	0	1	0.0009
6877	0.53	1	-90	0	1	0.0009
6878	0.53	1	-90	0	1	0.0009
6879	0.5	1	-90	-22	0	0.0007
6880	0.5	1	-90	-22	0	0.0008
6881	0.5	1	270	-39	-1	0.0022
6882	0.5	1	270	-39	-1	0.0025
6883	0.5	0.9	269	-36	359	0.0004
6884	0.5	0.9	269	-36	359	0.0005
6885	0.5	0.9	-90	-32	359	0.0024
6886	0.5	0.9	-90	-32	359	0.0025
6887	0.5	0.9	-90	-53	359	0.0017
6888	0.5	0.9	-90	-53	359	0.0019
6889	0.5	0.9	-90	-36	-1	0.0022
6890	0.5	0.9	-90	-36	-1	0.0024
6891	0.5	0.9	-90	330	1	0.0023
6892	0.5	0.9	-90	330	1	0.0026
6893	0.5	0.9	-90	-22	-1	0.0011
6894	0.5	0.9	-90	-22	-1	0.0012
6895	0.5	0.8	-90	359	359	0.002
6896	0.5	0.8	-90	359	359	0.002
6897	0.5	0.9	-90	0	359	0.0022
6898	0.5	0.9	-90	0	359	0.0025
6899	0.5	0.9	-90	-43	359	0.0024
6900	0.5	0.9	-90	-43	359	0.0026
6901	0.5	0.9	-90	-21	359	0.0026
6902	0.5	0.9	-90	-21	359	0.0029
6903	0.5	0.54	270	0	0	0.001
6904	0.5	0.54	270	0	0	0.001
6905	0.5	0.54	270	0	0	0.001
6906	0.5	0.54	270	0	0	0.001
6907	0.5	0.54	270	0	0	0.001
6908	0.45	0.9	-90	-36	1	0.0015
6909	0.5	0.9	-90	-36	1	0.0017
6910	0.5	0.8	-90	-61	3	0.0008
6911	0.5	0.9	-90	-61	3	0.0008
6912	0.5	0.9	-90	-31	359	0.0007
6913	0.5	0.9	-90	-31	359	0.0008
6914	0.5	0.9	-90	-12	359	0.002
6915	0.5	0.9	-90	-12	359	0.0021
6916	0.5	0.9	-90	-12	1	0.002
6917	0.5	0.9	-90	-12	1	0.0022
6918	0.5	0.9	-90	-24	1	0.0021
6919	0.5	0.9	-90	-24	1	0.0023
6920	0.5	0.9	-90	-22	359	0.0024
6921	0.5	0.9	-90	-22	359	0.0025
6922	0.5	0.9	-90	-12	359	0.0021
6923	0.5	0.9	-90	-12	359	0.0023
6924	0.55	0.99	90	223	180	0.0022
6926	0.5	0.9	-90	-31	-1	0.0016
6927	0.5	0.9	-90	-31	-1	0.0018
6928	0.55	0.65	-90	-48	-1	0.0008
6929	0.5	0.65	-90	-48	-1	0.001
6930	0.5	0.9	-90	-49	1	0.0013
6931	0.5	0.9	-90	-49	1	0.0015
6932	0.5	0.55	180	180	180	0.0035
6933	0.5	0.55	180	180	180	0.0035
6934	0.5	0.9	-90	-22	359	0.0007
6935	0.5	0.9	-90	-22	359	0.0007
6936	0.5	0.9	-90	-34	359	0.0013
6937	0.5	0.9	-90	-34	359	0.0015
6938	0.5	0.9	-90	-39	359	0.0022
6939	0.5	0.9	-90	-39	359	0.0023
6940	0.5	0.9	-90	-20	359	0.0025
6941	0.5	0.9	-90	-20	359	0.0027
6942	0.5	0.9	-90	-25	359	0.0025
6943	0.5	0.9	-90	-25	359	0.0027
6944	0.5	0.9	-90	-27	359	0.0015
6945	0.5	0.9	-90	-27	359	0.0018
6946	0.5	0.9	-90	-5	359	0.0023
6947	0.5	0.9	-90	-5	359	0.0025
6948	0.5	0.9	-90	-9	359	0.0023
6949	0.5	0.9	-90	-9	359	0.0025
6950	0.5	0.9	-90	-17	359	0.0023
6951	0.5	0.9	-90	-17	359	0.0025
6952	0.5	0.9	-90	-26	359	0.0023
6953	0.5	0.9	-90	-26	359	0.0025
6954	0.5	0.9	-90	-32	359	0.0008
6955	0.5	0.9	-90	-36	359	0.0009
6956	0.5	0.9	-90	32	359	0.0008
6957	0.5	0.9	-90	32	359	0.0009
6958	0.5	0.9	-90	-34	359	0.0013
6959	0.5	0.9	-90	-34	359	0.0016
6960	0.5	0.9	-90	-44	359	0.0012
6961	0.5	0.9	-90	-44	359	0.0013
6962	0.5	0.9	-90	-41	359	0.0007
6963	0.5	0.9	-90	-41	359	0.0008
6964	0.5	0.9	-90	-22	359	0.002
6965	0.5	0.9	-90	-22	359	0.0022
6966	0.5	0.9	-90	-22	359	0.002
6967	0.5	0.9	-90	-22	359	0.0022
6968	0.5	0.9	-90	-22	359	0.002
6969	0.5	0.9	-90	-22	359	0.0022
6970	0.5	1.2	-90	-48	359	0.0021
6971	0.5	1.2	-90	-48	359	0.0025
6972	0.45	1.07	-90	-22	359	0.0013
6973	0.45	1.07	-90	-22	359	0.0015
6974	0.5	0.9	-90	-27	359	0.0011
6975	0.5	0.9	-90	-27	359	0.0012
6976	0.5	1.2	-90	-26	359	0.0014
6977	0.5	1.2	-90	-26	359	0.0016
6978	0.5	1.3	-90	-29	359	0.0018
6979	0.5	1.3	-90	-29	359	0.0019
6980	0.5	1.2	-90	-39	359	0.0016
6981	0.5	1.2	-90	-39	359	0.0018
6982	0.5	1.1	-90	312	1	0.0009
6983	0.5	1.1	-90	312	1	0.0011
6984	0.5	1.1	-90	312	1	0.0009
6985	0.5	1.1	-90	312	1	0.0011
6986	0.5	1.1	-90	312	1	0.0009
6987	0.5	1.1	-90	312	1	0.0011
6988	0.5	0.9	-90	-17	359	0.0019
6989	0.5	0.9	-90	-17	359	0.0023
6990	0.5	0.9	-90	-2	359	0.0019
6991	0.5	0.9	-90	-2	359	0.0023
6992	0.5	1.38	-90	-58	359	0.0022
6993	0.5	1.38	-90	-58	359	0.0025
6994	0.5	0.9	-90	-29	359	0.0007
6995	0.5	0.9	-90	-29	359	0.0008
6996	0.5	0.8	-90	-36	359	0.0027
6997	0.5	0.8	-90	-36	359	0.0029
6998	0.5	0.9	-90	-26	359	0.0023
6999	0.5	0.9	-90	-26	359	0.0027
7000	0.5	0.9	-90	-41	359	0.0015
7001	0.5	0.9	-90	-41	359	0.0017
7002	0.5	0.9	-90	-49	359	0.0013
7003	0.5	0.9	-90	-49	359	0.0017
7004	0.5	0.9	-90	-22	359	0.0011
7005	0.5	0.9	-90	-22	359	0.0013
7006	0.53	1	-90	0	1	0.0009
7007	0.5	0.6	-90	-2	359	0.0025
7008	0.53	0.6	-90	1	359	0.0038
7009	0.5	0.6	-90	-2	359	0.0023
7010	0.5	0.98	-90	0	359	0.0025
7011	0.5	0.6	-90	-2	359	0.0025
7012	0.5	0.6	-90	0	359	0.0038
7013	0.5	0.6	-90	-2	359	0.0023
7014	0.5	0.6	-90	-26	359	0.0024
7015	0.5	0.6	-90	-2	359	0.0025
7016	0.5	0.6	-90	0	359	0.0038
7017	0.5	0.6	-90	-2	358	0.0022
7018	0.5	0.6	-90	-26	359	0.0024
7019	0.5	0.6	-90	-2	359	0.0025
7020	0.5	0.55	-90	0	359	0.006
7021	0.5	0.6	-90	-2	359	0.0023
7022	0.5	0.6	-90	-26	359	0.0024
7023	0.5	0.6	-90	-2	359	0.0025
7024	0.5	0.55	-90	0	359	0.006
7025	0.5	0.6	-90	-2	358	0.0023
7026	0.5	0.6	-90	-26	359	0.0024
7027	0.5	0.6	-90	-2	359	0.0025
7028	0.5	0.98	-90	0	359	0.0025
7029	0.5	0.6	-90	-2	358	0.0023
7030	0.5	0.6	-90	-26	359	0.0024
7031	0.5	0.6	-90	-2	359	0.0025
7032	0.5	0.98	-90	0	359	0.0025
7033	0.5	0.6	-90	-2	359	0.0023
7034	0.5	0.6	-90	-26	359	0.0024
7035	0.5	0.6	-90	-2	359	0.0025
7036	0.5	0.6	-90	0	359	0.0038
7037	0.5	0.6	-90	-2	359	0.0023
7038	0.5	0.6	-90	-26	359	0.0024
7039	0.5	0.6	-90	-2	359	0.0025
7040	0.5	0.6	-90	0	359	0.0038
7041	0.5	0.6	-90	-2	359	0.0023
7042	0.5	0.98	-90	-2	359	0.0025
7043	0.5	0.6	-90	-2	359	0.0025
7044	0.5	0.55	-90	0	359	0.006
7045	0.5	0.6	-90	-2	359	0.0023
7046	0.5	0.6	-90	-26	359	0.0024
7047	0.5	0.6	-90	0	359	0.0025
7048	0.5	0.6	-90	0	359	0.0038
7049	0.5	0.6	-90	-2	359	0.0023
7050	0.5	0.98	-90	-2	359	0.0025
7051	0.5	0.6	-90	-2	359	0.0025
7052	0.5	0.6	-90	0	359	0.0038
7053	0.5	0.6	-90	-2	359	0.0023
7054	0.5	0.98	-90	-2	359	0.0025
7055	0.5	0.55	-90	-2	359	0.0025
7056	0.5	0.55	-90	0	359	0.006
7057	0.5	0.62	-90	-2	359	0.0023
7058	0.5	0.6	-90	-26	359	0.0025
7059	0.5	0.55	-90	-2	359	0.0025
7060	0.5	0.55	-90	-2	359	0.006
7061	0.5	0.62	-90	-2	359	0.0023
7062	0.5	0.98	-90	-2	359	0.0023
7063	0.519	0.963	-90	-21.78	0	0.00315
7064	0.5	0.7	0	0	0	0.0025
7065	0.5	0.9	-90	-43	359	0.0023
7066	0.5	0.9	-90	-43	359	0.0032
7067	0.5	0.9	-90	-34	359	0.0013
7068	0.5	0.9	-90	-34	359	0.0017
7069	0.5	0.9	-90	-41	359	0.0013
7070	0.5	0.9	-90	-41	359	0.0017
7071	0.5	0.9	-90	-19	359	0.0018
7072	0.5	0.9	-90	-19	359	0.0023
7073	0.5	0.9	-90	-27	359	0.0019
7074	0.5	0.9	-90	-27	359	0.0023
7075	0.5	0.9	-90	-43	359	0.0006
7076	0.5	1.05	-90	-43	359	0.0008
7077	0.5	0.9	-90	-19	359	0.0024
7078	0.5	0.9	-90	-19	359	0.0027
7079	0.5	0.9	-90	-22	359	0.0023
7080	0.5	0.9	-90	-22	359	0.0027
7081	0.5	0.9	-90	-22	359	0.0028
7082	0.5	0.9	-90	-22	359	0.003
7083	0.5	0.9	-90	-44	359	0.0015
7084	0.5	0.9	-90	-44	359	0.0017
7085	0.5	0.9	-90	-43	359	0.0016
7086	0.5	0.9	-90	-43	359	0.002
7087	0.5	0.9	-90	-31	359	0.0016
7088	0.5	0.9	-90	-31	359	0.002
7089	0.5	0.92	-90	-68	-9	0.0021
7090	0.5	0.92	-90	-65	-9	0.0023
7091	0.5	0.91	-90	1	-2	0.0022
7092	0.5	0.9	-90	1	1	0.0024
7093	0.5	0.96	-90	25	-1	0.0023
7094	0.5	0.93	-90	25	-1	0.0024
7095	0.5	0.91	83	207	180	0.0012
7096	0.5	0.91	83	207	180	0.0012
7097	0.6	0.85	279	-39	351	0.0016
7098	0.6	0.85	279	-39	351	0.0018
7099	0.5	0.83	279	-39	351	0.0016
7100	0.5	0.83	279	-39	351	0.0018
7101	0.52	0.83	-90	13	-2	0.0017
7102	0.52	0.83	-90	13	-2	0.0017
7103	0.53	0.83	-90	-24	-2	0.0018
7104	0.53	0.83	-90	-24	-2	0.0017
7105	0.52	0.83	-90	-21	0	0.0018
7106	0.52	0.83	-90	-21	0	0.0019
7107	0.48	0.92	-90	7	1	0.0025
7108	0.5	0.94	-90	7	1	0.0027
7109	0.5	0.94	-90	0	0	0.0022
7110	0.53	0.96	-90	-22	0	0.0023
7111	0.5	0.9	-90	-22	0	0.0034
7112	0.54	0.91	-90	-22	0	0.0035
7113	0.5	0.94	-90	0	0	0.0024
7114	0.5	0.94	-90	0	0	0.0026
7115	0.5	0.94	-90	0	0	0.0024
7116	0.5	0.94	-90	0	0	0.0024
7117	0.5	0.94	-90	0	0	0.0025
7118	0.5	0.94	-90	0	0	0.0025
7119	0.53	0.96	-90	-22	0	0.0023
7120	0.54	0.91	-90	-22	0	0.0035
7121	0.63	0.9	-90	-5	0	0.002
7125	0.36	0.88	270	50	0	0.002
7126	0.5	1.04	270	40	0	0.0009
7127	0.5	0.98	270	0	0	0.0026
7128	0.54	0.98	290	-20	0	0.0032
7129	0.54	1	290	-20	0	0.0033
7130	0.54	1	290	-20	0	0.0033
7131	0.57	0.96	290	-20	0	0.0028
7132	0.5	0.9	270	0	0	0.0015
7133	0.5	0.9	-90	-29	359	0.0007
7134	0.5	1	270	0	0	0.0025
7135	0.5	1	270	0	0	0.0025
7136	0.5	0.9	-90	0	0	0.0027
7137	0.5	0.91	-90	0	0	0.0027
7138	0.5	0.91	-90	0	0	0.0017
7139	0.5	0.92	-90	-9	0	0.0017
7140	0.5	0.92	-90	0	0	0.0025
7141	0.5	0.91	-90	0	0	0.0026
7142	0.63	0.9	-90	-22	0	0.0018
7143	0.63	0.91	-90	-32	0	0.0019
7144	0.5	0.91	-90	0	0	0.0027
7145	0.5	0.91	-90	0	0	0.0029
7146	0.5	0.91	-90	-32	0	0.0017
7147	0.38	0.9	-90	-46	0	0.0017
7148	0.5	0.9	-85	0	0	0.0025
7149	0.5	0.9	-87	-10	0	0.0025
7150	0.5	0.9	-71	-27	0	0.002
7151	0.5	0.9	-71	-24	0	0.0022
7152	0.5	0.9	-90	0	0	0.003
7153	0.5	0.9	-90	0	0	0.0032
7154	0.5	0.9	-90	0	0	0.0029
7155	0.5	0.9	-90	0	0	0.0032
7156	0.5	0.9	-90	0	0	0.0019
7157	0.5	0.9	-90	0	0	0.0019
7158	0.5	0.9	-90	0	0	0.0023
7159	0.5	0.9	-90	0	0	0.0022
7160	0.5	0.54	270	0	0	0.001
7161	0.5	0.54	270	0	0	0.001
7162	0.5	0.54	270	0	0	0.001
7163	0.5	0.54	270	0	0	0.001
7164	0.5	0.54	270	0	0	0.001
7165	0.492	0.94	-90	0	0	0.00179
7168	0.5	0.83	270	-10	0	0.0035
7169	0.5	0.95	270	-10	0	0.0035
7170	0.5	0.95	270	-10	0	0.0035
7171	0.5	0.95	270	-10	0	0.0035
7172	0.5	0.95	270	-10	0	0.0035
7173	0.5	0.95	270	-10	0	0.0035
7174	0.5	0.95	270	-10	0	0.0035
7175	0.5	0.52	270	-10	0	0.0025
7176	0.5	0.95	270	-10	0	0.0035
7177	0.5	0.95	270	-10	0	0.0035
7178	0.5	0.85	270	-10	0	0.0035
7179	0.5	0.95	270	-10	0	0.0035
7180	0.5	0.5	270	-90	0	0.0035
7181	0.5	0.95	270	-10	0	0.0035
7182	0.5	0.95	270	-10	0	0.0035
7183	0.5	0.6	10	-13	0	0.0036
7184	0.5	0.95	270	-10	0	0.0035
7185	0.5	0.5	270	-10	0	0.0035
7186	0.5	0.5	270	-10	0	0.0035
7187	0.5	0.5	270	-10	0	0.0035
7188	0.5	0.95	270	0	0	0.0035
7189	0.5	0.5	-90	-20	0	0.002
7190	0.5	0.95	270	-10	0	0.0025
7191	0.5	0.95	270	-10	0	0.0025
7192	0.5	0.95	270	-10	0	0.0025
7193	0.5	1.06	270	-10	0	0.0028
7194	0.5	1.06	270	-10	0	0.0028
7196	0.5	1.09	270	-10	0	0.0035
7197	0.5	1.09	270	-10	0	0.0035
7199	0.5	0.5	270	-10	0	0.0035
7200	0.5	0.57	0	-10	0	0.002
7201	0.5	0.57	0	-10	0	0.002
7202	0.5	0.57	0	-10	0	0.002
7203	0.5	0.95	270	-10	0	0.0035
7204	0.5	0.95	270	-10	0	0.0035
7205	0.5	0.95	270	-10	0	0.0035
7206	0.5	1.14	270	-10	0	0.0035
7207	0.5	1.06	270	-10	0	0.0035
7208	0.5	1.09	270	-10	0	0.0035
7209	0.5	0.95	270	90	0	0.0035
7210	0.5	0.95	270	-10	0	0.005
7211	0.13	0.94	270	-10	-45	0.0035
7212	0.1	0.94	270	-10	-45	0.004
7213	0.5	0.95	270	-10	0	0.003
7214	0.5	0.5	270	-10	0	0.0025
7215	0.5	0.5	270	-10	0	0.0025
7216	0.5	0.5	270	-10	0	0.0025
7217	0.5	0.95	270	-10	0	0.003
7218	0.5	0.95	270	-10	0	0.001
7219	0.5	1.11	270	-10	0	0.0035
7220	0.5	0.95	270	-25	0	0.0014
7221	0.5	0.5	180	0	0	0.0008
7222	0.5	0.95	270	0	0	0.0024
7223	0.5	0.95	270	0	0	0.0014
7224	0.5	0.95	270	0	0	0.0014
7225	0.5	0.95	270	0	0	0.0014
7226	0.44	0.44	-90	-10	0	0.0013
7227	0.44	0.46	-90	-18	0	0.0014
7228	0.44	0.46	-90	-18	0	0.0014
7229	0.5	0.5	270	0	0	0.0009
7230	0.5	0.5	270	0	0	0.0009
7231	0.5	0.41	-50	-60	0	0.007
7232	0.5	0.95	270	0	0	0.003
7233	0.54	0.57	270	0	0	0.003
7234	0.5	0.6	270	0	0	0.0035
7235	0.5	0.65	270	0	0	0.0035
7236	0.5	0.95	270	-10	0	0.003
7238	0.5	0.95	270	0	0	0.0028
7239	0.5	0.95	270	0	0	0.0028
7240	0.5	0.5	0	0	0	0.0025
7241	0.5	0.5	0	0	0	0.0025
7242	0.5	0.5	0	0	0	0.0025
7243	0.5	0.5	0	0	0	0.0025
7244	0.5	0.5	0	0	0	0.0025
7245	0.5	0.5	0	0	0	0.0025
7246	0.5	1	270	0	0	0.0025
7247	0.5	1	270	0	0	0.0025
7248	0.5	1	270	0	0	0.0025
7249	0.5	1	270	0	0	0.0025
7250	0.5	1	270	0	0	0.0025
7251	0.5	0.5	270	0	0	0.0009
7252	0.5	0.95	270	0	0	0.0031
7253	0.5	0.95	270	0	0	0.0044
7254	0.5	0.95	270	0	0	0.0031
7255	0.5	0.95	270	0	0	0.0061
7256	0.5	0.95	270	0	0	0.0035
7257	0.5	0.95	270	0	0	0.0035
7258	0.5	0.95	270	0	0	0.0035
7259	0.5	1	270	0	0	0.0024
7260	0.5	1	270	0	0	0.0024
7261	0.5	1	270	0	0	0.0024
7262	0.5	1	270	0	0	0.0022
7263	0.5	1	270	0	0	0.0024
7264	0.5	1.1	270	0	0	0.0028
7265	0.5	0.5	0	0	0	0.0025
7266	0.5	0.5	0	0	0	0.0025
7267	0.62	1.09	290	-40	0	0.0025
7268	0.49	0.5	0	0	0	0.004
7269	0.5	0.95	270	-10	0	0.004
7270	0.5	0.57	0	0	30	0.0049
7271	0.5	0.54	0	0	30	0.004
7272	0.5	0.54	0	0	30	0.004
7273	0.5	0.54	0	0	30	0.004
7274	0.5	0.54	0	0	30	0.004
7275	0.5	0.54	0	0	30	0.004
7276	0.5	0.54	0	0	30	0.004
7277	0.5	0.54	0	0	0	0.003
7278	0.5	1.22	270	-10	0	0.004
7279	0.5	1.04	270	-10	0	0.0035
7280	1.01	0.91	270	180	45	0.0035
7281	1.01	0.91	270	180	45	0.0035
7282	0.5	0.6	270	0	0	0.0038
7283	0.5	0.6	270	0	0	0.0038
7284	0.5	0.6	270	0	0	0.0038
7285	0.5	0.6	270	0	0	0.0038
7286	0.5	0.6	270	0	0	0.0038
7287	0.5	0.6	270	0	0	0.0038
7288	0.5	0.5	270	0	0	0.0035
7289	0.5	0.95	270	-10	0	0.0035
7290	0.5	0.95	270	-10	0	0.0035
7291	0.5	0.95	270	-10	0	0.0035
7292	0.5	0.95	270	-10	0	0.0035
7293	0.5	0.95	270	-10	0	0.0035
7294	0.5	0.6	270	0	0	0.0038
7295	0.5	0.6	270	0	0	0.0038
7296	0.5	0.6	270	0	0	0.0038
7297	0.5	0.6	270	0	0	0.0038
7298	0.5	0.6	270	0	0	0.0038
7299	0.5	0.6	270	0	0	0.0038
7300	0.5	0.6	270	0	0	0.0038
7301	0.5	0.95	270	0	0	0.003
7302	0.5	0.5	270	0	0	0.005
7303	0.5	0.5	270	0	0	0.005
7304	0.5	0.5	270	0	0	0.005
7305	0.5	0.5	270	0	0	0.005
7306	0.5	0.5	270	0	0	0.005
7307	0.5	0.5	270	0	0	0.005
7308	0.5	0.5	0	0	0	0.0025
7309	0.5	0.95	270	-10	0	0.0035
7310	0.5	0.95	270	-10	0	0.0035
7311	0.5	0.95	270	-10	0	0.0035
7312	0.5	0.95	270	-10	0	0.0035
7313	0.5	0.5	270	0	0	0.0018
7314	0.5	0.5	270	0	0	0.0018
7315	0.5	0.5	270	0	0	0.0018
7316	0.5	0.5	270	0	0	0.0018
7317	0.5	0.5	270	0	0	0.0018
7318	0.5	0.5	270	0	0	0.0018
7319	0.65	0.49	270	0	0	0.0023
7320	0.65	0.49	270	0	0	0.0023
7321	0.5	0.95	270	0	0	0.003
7322	0.5	0.95	270	-10	0	0.0035
7323	0.5	0.54	270	-10	0	0.0035
7324	0.73	0.73	180	270	15	0.0024
7325	0.5	0.95	270	0	0	0.0014
7326	0.5	0.95	270	0	0	0.0014
7327	0.5	0.95	270	0	0	0.0014
7328	0.5	0.5	270	0	0	0.001
7329	0.49	0.49	-90	0	0	0.0016
7330	0.47	0.85	270	0	0	0.0022
7331	0.5	1.61	270	-10	0	0.0042
7332	0.52	0.49	-90	0	0	0.004
7333	0.5	0.5	0	0	0	0.0027
7334	0.5	0.5	0	0	0	0.0027
7337	0.5	1	270	0	0	0.0024
7338	0.65	0.49	270	0	0	0.0023
7339	0.65	0.49	270	0	0	0.0023
7340	0.5	1	270	0	0	0.003
7341	0.5	1	270	0	0	0.003
7342	0.5	1	270	0	0	0.003
7343	0.5	1	270	0	0	0.003
7344	0.5	0.95	270	-10	0	0.0035
7345	0.5	0.95	270	-10	0	0.0035
7346	0.5	0.95	270	-10	0	0.0035
7347	0.5	0.95	270	-10	0	0.0035
7348	0.5	0.95	270	-10	0	0.0035
7349	0.5	0.95	270	-10	0	0.0035
7350	0.5	0.95	270	-10	0	0.0035
7351	0.5	0.95	270	-10	0	0.0035
7352	0.5	0.95	270	-10	0	0.0035
7353	0.5	0.95	270	-10	0	0.0035
7354	0.5	1	270	-10	0	0.0035
7355	0.5	0.95	270	-10	0	0.0035
7356	0.5	0.95	270	-10	0	0.0035
7357	0.5	0.95	270	-10	0	0.0035
7358	0.5	0.95	270	-10	0	0.0035
7359	0.5	0.95	270	-10	0	0.0035
7360	0.5	0.95	270	-10	0	0.0035
7361	0.5	0.95	270	-10	0	0.0035
7362	0.5	0.95	270	-10	0	0.0035
7363	0.5	0.95	270	-10	0	0.0035
7364	0.5	0.95	270	-10	0	0.0035
7365	0.5	0.95	270	-10	0	0.0035
7366	0.5	0.95	270	-10	0	0.0035
7367	0.5	0.95	270	-10	0	0.0035
7368	0.5	0.95	270	-10	0	0.0035
7369	0.5	0.95	270	-10	0	0.0035
7370	0.5	0.95	270	-10	0	0.0035
7372	0.5	0.5	0	0	0	0.0025
7373	0.5	0.5	0	0	0	0.0025
7374	0.54	0.54	0	0	0	0.0022
7375	0.54	0.54	0	0	0	0.0022
7376	0.54	0.54	0	0	0	0.0022
7377	0.52	1	-90	-13	0	0.0018
7378	0.5	0.95	270	-10	0	0.004
7379	0.5	0.95	270	-10	0	0.004
7380	0.5	0.95	270	-10	0	0.004
7381	0.5	0.95	270	-10	0	0.004
7383	0.5	0.8	270	0	0	0.0023
7384	0.52	0.6	270	0	0	0.002
7385	0.5	0.5	270	-10	0	0.0025
7386	0.5	0.5	270	-10	0	0.0025
7387	0.5	0.5	270	-10	0	0.0025
7388	0.5	0.5	270	-10	0	0.0025
7389	0.5	0.5	270	-10	0	0.0025
7390	0.5	0.9	270	-10	0	0.0035
7391	0.5	0.95	270	0	0	0.003
7392	0.5	0.9	270	0	0	0.0018
7393	0.5	0.55	1	0	1	0.0019
7394	0.5	0.55	1	0	1	0.0019
7395	0.5	0.55	1	0	1	0.0019
7396	0.5	0.55	1	0	1	0.0019
7397	0.5	0.55	1	0	1	0.0019
7398	0.5	0.55	1	0	1	0.0019
7399	0.5	0.55	1	0	1	0.0019
7400	0.5	0.55	1	0	1	0.0019
7401	0.52	0.95	91	-9	181	0.0022
7402	0.5	0.5	270	-10	0	0.0025
7403	0.5	0.55	1	0	1	0.0019
7404	0.5	0.6	0	0	270	0.0032
7405	0.5	0.6	0	0	270	0.0057
7406	0.5	0.6	0	0	270	0.0057
7407	0.5	0.6	0	0	270	0.0057
7408	0.5	0.6	0	0	270	0.0038
7409	0.5	0.6	0	0	270	0.0038
7410	0.51	1.03	-90	0	-1	0.0045
7411	0.51	1.03	-90	0	-1	0.0045
7412	0.5	0.5	270	-10	0	0.0025
7413	0.5	0.6	85	161	200	0.0032
7414	0.5	0.6	85	161	200	0.0032
7415	0.5	0.6	85	161	200	0.0032
7416	0.54	1.03	-90	340	-1	0.003
7417	0.54	1.03	-90	340	-1	0.003
7418	0.54	1.03	-90	340	-1	0.003
7419	0.51	1.05	-90	359	-1	0.0024
7420	0.51	1.05	-90	359	-1	0.0024
7421	0.51	1.05	-90	359	-1	0.0024
7422	0.53	0.95	90	0	180	0.001
7423	0.5	0.95	90	0	180	0.001
7424	0.53	0.95	90	0	180	0.001
7425	0.53	0.95	90	0	180	0.0013
7426	0.53	0.95	90	0	180	0.0022
7427	0.53	0.95	90	0	180	0.0022
7428	0.5	1.14	-90	0	0	0.0027
7429	0.5	0.95	270	0	0	0.0013
7430	0.5	0.95	270	0	0	0.0015
7431	0.5	0.9	270	0	0	0.0018
7432	0.5	0.9	270	0	0	0.0018
7433	0.5	0.9	90	-85	180	0.0015
7434	0.5	0.9	90	-85	180	0.0015
7435	0.5	0.9	90	-85	180	0.0015
7436	0.5	0.9	90	-85	180	0.0015
7437	0.5	1	90	0	180	0.0015
7438	0.5	1	90	0	180	0.0015
7439	0.5	0.9	90	0	180	0.0015
7440	0.5	0.9	90	0	180	0.0015
7441	0.5	0.9	90	0	180	0.0015
7442	0.5	0.9	90	0	180	0.0015
7443	0.5	0.9	90	0	180	0.0015
7444	0.5	0.9	90	0	180	0.0015
7445	0.53	0.9	-90	0	359	0.0024
7446	0.5	1	-90	-43	359	0.0022
7447	0.5	0.9	90	0	180	0.0015
7448	0.5	0.9	90	0	180	0.0015
7450	0.5	0.8	90	190	180	0.0045
7451	0.5	0.8	90	190	180	0.0045
7452	0.5	0.8	90	190	180	0.0045
7453	0.5	0.6	0	0	270	0.0045
7454	0.5	0.95	270	-25	0	0.0012
7455	0.5	0.8	90	190	180	0.0045
7456	0.5	0.8	90	190	180	0.0045
7457	0.5	0.8	90	190	180	0.0045
7458	0.5	1.04	-90	-90	0	0.0015
7461	0.5	0.95	-90	-90	0	0.0025
7464	0.51	0.95	-90	-90	0	0.0025
7477	0.5	1.15	-90	0	0	0.0015
7478	0.5	1.15	-90	0	0	0.0015
7479	0.5	1.15	-90	0	0	0.0015
7480	0.5	1.15	-90	0	0	0.0015
7484	0.5	1	-90	0	0	0.0015
7485	0.5	0.76	90	0	180	0.0036
7488	0.5	1.05	-90	-26	0	0.002
7499	0.5	1	270	-10	0	0.0029
7500	0.5	1	270	-10	0	0.0029
7501	0.5	1	270	-10	0	0.0029
7502	0.5	1	270	-10	0	0.0029
7504	0.45	0.8	90	190	180	0.0045
7505	0.51	0.95	-90	-90	0	0.0025
7506	0.51	0.95	-90	-90	0	0.0025
7507	0.51	0.95	-90	-90	0	0.0025
7508	0.51	0.95	-90	-90	0	0.0025
7509	0.48	1.05	90	180	180	0.0025
7510	0.56	0.95	81	64	180	0.0017
7511	0.36	1.12	-90	-40	-10	0.0025
7512	0.5	0.95	271	-14	1	0.0055
7513	0.58	0.65	-73	3	11	0.0017
7514	0.5	0.55	-90	0	0	0.0037
7515	0.5	0.55	-90	0	0	0.0037
7516	0.5	0.55	-90	0	0	0.0037
7517	0.5	0.55	-90	0	0	0.0037
7518	0.5	0.55	-90	0	0	0.0037
7519	0.5	1	-90	-24	0	0.003
7520	0.51	0.86	90	190	180	0.0045
7521	0.5	0.99	-90	0	0	0.0036
7522	0.5	1	-90	-12	0	0.0029
7523	0.5	1	-90	0	0	0.0026
7524	0.5	1	-90	-15	0	0.0028
7525	0.5	0.95	271	-14	1	0.0055
7526	0.5	0.95	271	-14	1	0.0055
7527	0.5	0.95	271	-14	1	0.0055
7528	0.5	0.95	271	-14	1	0.0055
7529	0.5	0.95	271	-14	1	0.0055
7530	0.5	1.06	270	-10	0	0.0028
7531	0.54	1.03	-90	340	-1	0.003
7532	0.51	1.08	-90	-37	0	0.0041
7535	0.51	1	-90	83	0	0.0015
7536	0.51	1	-90	83	0	0.0015
7537	0.51	1	-90	83	0	0.0015
7538	0.49	0.71	-90	213	0	0.0029
7539	0.5	0.9	270	0	0	0.0018
7540	0.5	0.9	270	0	0	0.0018
7541	0.5	0.9	270	0	0	0.0018
7542	0.54	1.03	-90	340	-1	0.003
7543	0.54	1.03	-90	340	-1	0.003
7544	0.54	1.03	-90	340	-1	0.003
7545	0.51	1.05	-90	359	-1	0.0024
7546	0.5	0.91	-90	0	0	0.0034
7547	0.5	0.91	-90	0	0	0.0034
7548	0.5	0.91	-90	0	0	0.0034
7549	0.5	0.91	-90	0	0	0.0034
7550	0.5	0.91	-90	0	0	0.0034
7551	0.5	0.91	-90	0	0	0.0034
7552	0.5	0.91	-90	0	0	0.0034
7553	0.5	0.872	-90	0	0	0.0025
7554	0.48	0.861	90	-30.96	180	0.0034275
7555	0.48	1.05	90	180	180	0.0025
7556	0.48	1.05	90	180	180	0.0025
7557	0.48	0.8605	90	-156.6	180	0.004405
7558	0.5	1	-90	0	0	0.0025
7559	0.5	0.928	-90	0	0	0.0015
7560	0.5	0.8975	-90	83.7	0	0.00179
7561	0.5	0.8975	-90	83.7	0	0.00179
7562	0.5	0.946	-90	0	0	0.0049175
7563	0.5	0.946	-90	0	0	0.0049175
7564	0.5	0.946	-90	0	0	0.0049175
7565	0.5	0.946	-90	0	0	0.0049175
7566	0.5	0.8975	-90	83.7	0	0.00179
7567	0.519	0.963	-90	-21.78	0	0.00315
7568	0.5	0.8	90	190	180	0.0045
7569	0.5	0.8	90	190	180	0.0045
7570	0.5	0.8	90	190	180	0.0045
7571	0.5	0.8	90	190	180	0.0045
7572	0.5	0.8	90	190	180	0.0045
7573	0.5	0.8	90	190	180	0.0045
7574	0.5	0.798	-81.36	-31.77	0	0.002465
7575	0.5	0.901	-90	0	0	0.0033075
7576	0.54	1.03	-90	340	-1	0.003
7577	0.54	1.03	-90	340	-1	0.003
7578	0.54	1.03	-90	340	-1	0.003
7579	0.54	1.03	-90	340	-1	0.003
7580	0.5	0.826	-90	-32.76	0	0.0025
7581	0.5	0.5	-180	-56.97	-28.44	0.0046375
7582	0.5	0.928	-90	0	0	0.0025
7583	0.519	0.947	-90	0	0	0.00301
7584	0.5	0.779	-90	-31.86	0	0.0033525
7585	0.5	0.482	-90	0	0	0.00166
7586	0.5	0.835	-90	0	0	0.0025
7587	0.5	0.827	-90	0	0	0.0025
7588	0.5	0.5	-90	0	0	0.001705
7589	0.5	0.927	-90	-19.35	0	0.0030725
7590	0.5	0.927	-90	-19.35	0	0.0030725
7594	0.5	0.845	-90	-31.86	0	0.0025
7595	0.5	0.853	-90	-25.11	0	0.0025
7596	0.5	0.827	-90	-30.15	0	0.0025
7597	0.5	0.845	-90	-26.1	0	0.0025
7668	0.5	0.95	270	-10	0	0.0035
7669	0.5	0.95	270	-10	0	0.0035
7670	0.5	0.95	270	-10	0	0.0035
7671	0.5	0.95	270	-10	0	0.0035
7672	0.5	0.95	270	-10	0	0.0035
7673	0.5	0.95	270	-10	0	0.0035
7674	0.5	0.95	270	-10	0	0.0035
7675	0.5	0.95	270	-10	0	0.0035
7676	0.5	0.95	270	-10	0	0.0035
7680	0.5	0.6	270	-10	0	0.0025
7681	0.5	0.6	270	-10	0	0.0025
7682	0.5	0.6	270	-10	0	0.0025
7683	0.5	0.6	270	-10	0	0.0025
7684	0.5	0.6	270	-10	0	0.0025
7685	0.5	0.6	270	-10	0	0.0025
7686	0.5	0.6	270	-10	0	0.0025
7687	0.5	0.6	270	-10	0	0.0025
7688	0.5	0.6	270	-10	0	0.0025
7689	0.5	0.6	270	-10	0	0.0025
7690	0.5	0.6	270	-10	0	0.0025
7691	0.5	0.6	270	-10	0	0.0025
7692	0.5	0.6	270	-10	0	0.0025
7693	0.5	0.6	270	-10	0	0.0025
7694	0.5	0.6	270	-10	0	0.0025
7695	0.5	0.6	270	-10	0	0.0025
7696	0.5	0.6	270	-10	0	0.0025
7697	0.5	0.6	270	-10	0	0.0025
7698	0.5	0.6	270	-10	0	0.0025
7699	0.67	0.5	270	0	0	0.0023
7700	0.67	0.5	270	0	0	0.0023
7701	0.67	0.5	270	0	0	0.0023
7702	0.67	0.5	270	0	0	0.0023
7703	0.67	0.5	270	0	0	0.0023
7704	0.67	0.5	270	0	0	0.0023
7706	0.67	0.5	270	0	0	0.0023
7707	0.67	0.5	270	0	0	0.0023
7708	0.5	0.6	270	-10	0	0.0025
7709	0.5	0.6	270	-10	0	0.0025
7710	0.67	0.5	270	0	0	0.0023
7711	0.67	0.5	270	0	0	0.0023
7712	0.67	0.5	270	0	0	0.0023
7713	0.67	0.5	270	0	0	0.0023
7714	0.67	0.5	270	0	0	0.0023
7715	0.67	0.5	270	0	0	0.0023
7716	0.67	0.5	270	0	0	0.0023
8192	0.5	0.9	-90	0	0	0.0025
8193	0.5	0.9	-90	0	0	0.0026
8194	0.5	0.9	-90	0	0	0.0025
8195	0.5	0.9	-90	0	0	0.0027
8196	0.5	1	-90	0	0	0.0028
8197	0.5	1	-90	0	0	0.003
8198	0.5	0.872	-90	0	0	0.0023575
8199	0.5	0.881	-90	0	0	0.00245
8200	0.5	0.8785	-90	0	0	0.0029625
8201	0.5	0.872	-90	0	0	0.003215
8202	0.5	0.891	-90	0	0	0.0025
8203	0.5	0.9065	-90	0	0	0.00231
8204	0.5	0.891	-90	0	0	0.002635
8205	0.5	0.891	-90	0	0	0.002655
8206	0.5	0.891	-90	0	0	0.0023575
8207	0.5	0.891	-90	0	0	0.002495
8208	0.518	0.891	-90	-23.4	0	0.002795
8209	0.4905	0.891	-90	-25.11	0	0.002795
8210	0.5	0.891	-90	0	0	0.002495
8211	0.5	0.891	-90	0	0	0.002495
8212	0.5	0.891	-90	-22.68	0	0.0029575
8213	0.5	0.891	-90	-15.12	0	0.0030275
8214	0.5	0.9275	-90	0	0	0.0028225
8215	0.5	0.9185	-90	0	0	0.0029625
8216	0.5	0.937	-90	0	0	0.002635
8217	0.472	0.937	-90	-11.7	0	0.002985
8218	0.593	0.8785	-90	-66.24	0	0.0020875
8219	0.6085	0.899	-90	-62.91	0	0.00214
8220	0.528	0.9185	-90	-47.79	0	0.0017525
8221	0.4905	0.9095	-90	-48.69	0	0.0019125
8222	0.3695	1	-90	-13.41	0	0.0025625
8223	0.5	1.073	-90	0	0	0.0029575
8224	0.5	0.9095	-90	0	0	0.002035
8225	0.5	0.935	-90	0	0	0.0022175
8226	0.5	0.946	-90	0	0	0.003425
8227	0.5	0.946	-90	0	0	0.003425
8228	0.566	0.901	-90	-38.52	0	0.0018
8229	0.566	0.901	-90	-38.52	0	0.0018
8230	0.519	1.058	-90	-46.8	0	0.00152
8231	0.519	1.076	-90	-46.8	0	0.00175
8232	0.612	0.983	-90	-36.81	4.95	0.0018
8233	0.5	0.891	-90	0	0	0.0029625
8234	0.5	0.891	-90	0	0	0.00287
8235	0.5	0.871	-90	0	0	0.002775
8236	0.5	0.891	-90	0	0	0.00247
8237	0.5	0.909	-90	-59.58	0	0.0028225
8238	0.5	0.909	-90	-59.58	0	0.00296
8239	0.612	0.889	-90	-15.12	0	0.00408
8240	0.611	0.889	-90	-15.12	0	0.0045425
8241	0.603	0.928	-90	-52.83	0	0.0022775
8242	0.677	0.946	-90	-34.47	0	0.0022775
8243	0.5	0.797	-90	-38.52	0	0.0027475
8244	0.5	0.797	-90	-38.52	0	0.0027475
8245	0.5	0.909	-90	0	0	0.0024975
8246	0.5	0.909	-90	0	0	0.0026375
8247	0.5	0.92	-90	-23.4	0	0.0024975
8248	0.5	0.92	-90	-23.4	0	0.0026825
8249	0.5	0.92	-90	0	0	0.004175
8250	0.5	0.92	-90	0	0	0.004175
8251	0.463	0.909	-90	0	0	0.0036625
8252	0.463	0.909	-90	0	0	0.0036625
8253	0.519	0.872	-90	0	0	0.003055
8254	0.519	0.872	-90	0	0	0.003055
8255	0.537	0.92	-90	0	0	0.002935
8256	0.537	0.92	-90	0	0	0.002935
8257	0.555	0.966	-90	-17.73	0	0.00263
8258	0.555	0.966	-90	-28.44	0	0.0027275
8259	0.5	0.686	-69.93	0	0	0.0032425
8260	0.5	0.76	-69.93	0	0	0.0032425
8261	0.5	0.5	-90	0	0	0.0032
8263	0.537	0.573	-90	-38.52	0	0.0029625
8264	0.649	0.909	-90	-38.52	0	0.0031475
8265	0.537	0.852	-90	-38.52	0	0.002265
8266	0.548	0.845	-90	-38.52	0	0.002405
8267	0.519	0.797	-90	-33.48	0	0.003055
8268	0.519	0.797	-90	-33.48	0	0.0033075
8269	0.5	0.854	-90	0	0	0.0024525
8270	0.5	0.854	-90	0	0	0.002795
8271	0.5	0.928	-90	-0	0	0.0025925
8272	0.5	0.928	-90	-0	0	0.0025925
8273	0.407	0.871	-90	43.56	0	0.002685
8274	0.407	0.871	-90	43.56	0	0.0029175
8275	0.5	0.9	-90	20.16	0	0.002125
8276	0.5	0.9	-90	20.16	0	0.00231
8277	0.5	0.854	-90	-28.53	-0	0.0031025
8278	0.5	0.854	-90	-28.53	-0	0.00324
8403	0.5	0.9	90	180	180	0.0055975
8404	0.5	1	-80	-45	0	0.001
8405	0.5	1	-80	-45	0	0.0012
8406	0.5	0.8	-90	-21	-1	0.0009
8407	0.5	0.8	-90	-21	-1	0.001
8408	0.48	0.8	273	-51	359	0.0014
8409	0.48	0.8	273	-51	359	0.0015
8410	0.43	0.7	255	-43	359	0.0013
8411	0.5	0.8	-80	-43	359	0.0015
8415	0.5	1	-90	-22	0	0.0007
8416	0.5	1	-90	-22	0	0.0008
8417	0.5	1	270	-39	-1	0.0022
8418	0.5	1	270	-39	-1	0.0025
8419	0.5	0.9	269	-36	359	0.0004
8420	0.5	0.9	269	-36	359	0.0005
8421	0.5	0.9	-90	-32	359	0.0024
8422	0.5	0.9	-90	-32	359	0.0025
8423	0.5	0.9	-90	-53	359	0.0017
8424	0.5	0.9	-90	-53	359	0.0019
8425	0.5	0.9	-90	-36	-1	0.0022
8426	0.5	0.9	-90	-36	-1	0.0024
8427	0.5	0.9	-90	330	1	0.0023
8428	0.5	0.9	-90	330	1	0.0026
8429	0.5	0.9	-90	-22	-1	0.0011
8430	0.5	0.9	-90	-22	-1	0.0012
8431	0.5	0.8	-90	359	359	0.002
8432	0.5	0.8	-90	359	359	0.002
8433	0.5	0.9	-90	0	359	0.0022
8434	0.5	0.9	-90	0	359	0.0025
8435	0.5	0.9	-90	-43	359	0.0024
8436	0.5	0.9	-90	-43	359	0.0026
8437	0.5	0.9	-90	-21	359	0.0026
8438	0.5	0.9	-90	-21	359	0.0029
8444	0.45	0.9	-90	-36	1	0.0015
8445	0.5	0.9	-90	-36	1	0.0017
8446	0.5	0.8	-90	-61	3	0.0008
8447	0.5	0.9	-90	-61	3	0.0008
8448	0.5	0.9	-90	-31	359	0.0007
8449	0.5	0.9	-90	-31	359	0.0008
8450	0.5	0.9	-90	-12	359	0.002
8451	0.5	0.9	-90	-12	359	0.0021
8452	0.5	0.9	-90	-12	1	0.002
8453	0.5	0.9	-90	-12	1	0.0022
8454	0.5	0.9	-90	-24	1	0.0021
8455	0.5	0.9	-90	-24	1	0.0023
8456	0.5	0.9	-90	-22	359	0.0024
8457	0.5	0.9	-90	-22	359	0.0025
8458	0.5	0.9	-90	-12	359	0.0021
8459	0.5	0.9	-90	-12	359	0.0023
8462	0.5	0.9	-90	-31	-1	0.0016
8463	0.5	0.9	-90	-31	-1	0.0018
8464	0.55	0.65	-90	-48	-1	0.0008
8465	0.5	0.65	-90	-48	-1	0.001
8466	0.5	0.9	-90	-49	1	0.0013
8467	0.5	0.9	-90	-49	1	0.0015
8470	0.5	0.9	-90	-22	359	0.0007
8471	0.5	0.9	-90	-22	359	0.0007
8472	0.5	0.9	-90	-34	359	0.0013
8473	0.5	0.9	-90	-34	359	0.0015
8474	0.5	0.9	-90	-39	359	0.0022
8475	0.5	0.9	-90	-39	359	0.0023
8476	0.5	0.9	-90	-20	359	0.0025
8477	0.5	0.9	-90	-20	359	0.0027
8478	0.5	0.9	-90	-25	359	0.0025
8479	0.5	0.9	-90	-25	359	0.0027
8480	0.5	0.9	-90	-27	359	0.0015
8481	0.5	0.9	-90	-27	359	0.0018
8482	0.5	0.9	-90	-5	359	0.0023
8483	0.5	0.9	-90	-5	359	0.0025
8484	0.5	0.9	-90	-9	359	0.0023
8485	0.5	0.9	-90	-9	359	0.0025
8486	0.5	0.9	-90	-17	359	0.0023
8487	0.5	0.9	-90	-17	359	0.0025
8488	0.5	0.9	-90	-26	359	0.0023
8489	0.5	0.9	-90	-26	359	0.0025
8490	0.5	0.9	-90	-32	359	0.0008
8491	0.5	0.9	-90	-36	359	0.0009
8492	0.5	0.9	-90	32	359	0.0008
8493	0.5	0.9	-90	32	359	0.0009
8494	0.5	0.9	-90	-34	359	0.0013
8495	0.5	0.9	-90	-34	359	0.0016
8496	0.5	0.9	-90	-44	359	0.0012
8497	0.5	0.9	-90	-44	359	0.0013
8498	0.5	0.9	-90	-41	359	0.0007
8499	0.5	0.9	-90	-41	359	0.0008
8500	0.5	0.9	-90	-22	359	0.002
8501	0.5	0.9	-90	-22	359	0.0022
8502	0.5	0.9	-90	-22	359	0.002
8503	0.5	0.9	-90	-22	359	0.0022
8504	0.5	0.9	-90	-22	359	0.002
8505	0.5	0.9	-90	-22	359	0.0022
8506	0.5	1.2	-90	-48	359	0.0021
8507	0.5	1.2	-90	-48	359	0.0025
8508	0.45	1.07	-90	-22	359	0.0013
8509	0.45	1.07	-90	-22	359	0.0015
8510	0.5	0.9	-90	-27	359	0.0011
8511	0.5	0.9	-90	-27	359	0.0012
8512	0.5	1.2	-90	-26	359	0.0014
8513	0.5	1.2	-90	-26	359	0.0016
8514	0.5	1.3	-90	-29	359	0.0018
8515	0.5	1.3	-90	-29	359	0.0019
8516	0.5	1.2	-90	-39	359	0.0016
8517	0.5	1.2	-90	-39	359	0.0018
8518	0.5	1.1	-90	312	1	0.0009
8519	0.5	1.1	-90	312	1	0.0011
8520	0.5	1.1	-90	312	1	0.0009
8521	0.5	1.1	-90	312	1	0.0011
8522	0.5	1.1	-90	312	1	0.0009
8523	0.5	1.1	-90	312	1	0.0011
8524	0.5	0.9	-90	-17	359	0.0019
8525	0.5	0.9	-90	-17	359	0.0023
8526	0.5	0.9	-90	-2	359	0.0019
8527	0.5	0.9	-90	-2	359	0.0023
8528	0.5	1.38	-90	-58	359	0.0022
8529	0.5	1.38	-90	-58	359	0.0025
8530	0.5	0.9	-90	-29	359	0.0007
8531	0.5	0.9	-90	-29	359	0.0008
8532	0.5	0.8	-90	-36	359	0.0027
8533	0.5	0.8	-90	-36	359	0.0029
8534	0.5	0.9	-90	-26	359	0.0023
8535	0.5	0.9	-90	-26	359	0.0027
8536	0.5	0.9	-90	-41	359	0.0015
8537	0.5	0.9	-90	-41	359	0.0017
8538	0.5	0.9	-90	-49	359	0.0013
8539	0.5	0.9	-90	-49	359	0.0017
8540	0.5	0.9	-90	-22	359	0.0011
8541	0.5	0.9	-90	-22	359	0.0013
8601	0.5	0.9	-90	-43	359	0.0023
8602	0.5	0.9	-90	-43	359	0.0032
8603	0.5	0.9	-90	-34	359	0.0013
8604	0.5	0.9	-90	-34	359	0.0017
8605	0.5	0.9	-90	-41	359	0.0013
8606	0.5	0.9	-90	-41	359	0.0017
8607	0.5	0.9	-90	-19	359	0.0018
8608	0.5	0.9	-90	-19	359	0.0023
8609	0.5	0.9	-90	-27	359	0.0019
8610	0.5	0.9	-90	-27	359	0.0023
8611	0.5	0.9	-90	-43	359	0.0006
8612	0.5	1.05	-90	-43	359	0.0008
8613	0.5	0.9	-90	-19	359	0.0024
8614	0.5	0.9	-90	-19	359	0.0027
8615	0.5	0.9	-90	-22	359	0.0023
8616	0.5	0.9	-90	-22	359	0.0027
8617	0.5	0.9	-90	-22	359	0.0028
8618	0.5	0.9	-90	-22	359	0.003
8619	0.5	0.9	-90	-44	359	0.0015
8620	0.5	0.9	-90	-44	359	0.0017
8621	0.5	0.9	-90	-43	359	0.0016
8622	0.5	0.9	-90	-43	359	0.002
8623	0.5	0.9	-90	-31	359	0.0016
8624	0.5	0.9	-90	-31	359	0.002
8625	0.5	0.92	-90	-68	-9	0.0021
8626	0.5	0.92	-90	-65	-9	0.0023
8627	0.5	0.91	-90	1	-2	0.0022
8628	0.5	0.9	-90	1	1	0.0024
8629	0.5	0.96	-90	25	-1	0.0023
8630	0.5	0.93	-90	25	-1	0.0024
8631	0.5	0.91	83	207	180	0.0012
8632	0.5	0.91	83	207	180	0.0012
8633	0.6	0.85	279	-39	351	0.0016
8634	0.6	0.85	279	-39	351	0.0018
8635	0.5	0.83	279	-39	351	0.0016
8636	0.5	0.83	279	-39	351	0.0018
8637	0.52	0.83	-90	13	-2	0.0017
8638	0.52	0.83	-90	13	-2	0.0017
8639	0.53	0.83	-90	-24	-2	0.0018
8640	0.53	0.83	-90	-24	-2	0.0017
8641	0.52	0.83	-90	-21	0	0.0018
8642	0.52	0.83	-90	-21	0	0.0019
8643	0.48	0.92	-90	7	1	0.0025
8644	0.5	0.94	-90	7	1	0.0027
8645	0.5	0.94	-90	0	0	0.0022
8646	0.53	0.96	-90	-22	0	0.0023
8647	0.5	0.9	-90	-22	0	0.0034
8648	0.54	0.91	-90	-22	0	0.0035
8649	0.5	0.94	-90	0	0	0.0024
8650	0.5	0.94	-90	0	0	0.0026
8651	0.5	0.94	-90	0	0	0.0024
8652	0.5	0.94	-90	0	0	0.0024
8653	0.5	0.94	-90	0	0	0.0025
8654	0.5	0.94	-90	0	0	0.0025
8655	0.53	0.96	-90	-22	0	0.0023
8656	0.54	0.91	-90	-22	0	0.0035
8657	0.63	0.9	-90	-5	0	0.002
8669	0.5	0.9	-90	-29	359	0.0007
8672	0.5	0.9	-90	0	0	0.0027
8673	0.5	0.91	-90	0	0	0.0027
8674	0.5	0.91	-90	0	0	0.0017
8675	0.5	0.92	-90	-9	0	0.0017
8676	0.5	0.92	-90	0	0	0.0025
8677	0.5	0.91	-90	0	0	0.0026
8678	0.63	0.9	-90	-22	0	0.0018
8679	0.63	0.91	-90	-32	0	0.0019
8680	0.5	0.91	-90	0	0	0.0027
8681	0.5	0.91	-90	0	0	0.0029
8682	0.5	0.91	-90	-32	0	0.0017
8683	0.38	0.9	-90	-46	0	0.0017
8684	0.5	0.9	-85	0	0	0.0025
8685	0.5	0.9	-87	-10	0	0.0025
8686	0.5	0.9	-71	-27	0	0.002
8687	0.5	0.9	-71	-24	0	0.0022
8688	0.5	0.9	-90	0	0	0.003
8689	0.5	0.9	-90	0	0	0.0032
8690	0.5	0.9	-90	0	0	0.0029
8691	0.5	0.9	-90	0	0	0.0032
8692	0.5	0.9	-90	0	0	0.0019
8693	0.5	0.9	-90	0	0	0.0019
8694	0.5	0.9	-90	0	0	0.0023
8695	0.5	0.9	-90	0	0	0.0022
