////////////////////////////////////////////////////////////////////////////////																																																		
//	[ Text  Version ]	1.2.7.2																																			데미지 구분		타겟 대상	타겟 영역	사거리 내 장애물	타겟 쫓기	탈것 체크	장비 체크	데미지 스탯1	스탯 나눔값2	데미지 스탯2			
//	[ 최종 작업자 ]	사재일																																																
//	[ 최종 작업일 ]	2016-07-18 11:32 AM																																																
//	[ 작 업 내 용 ]	Season12 P.1 신스킬 아이템 추가												SkilluseType																																				
////////////////////////////////////////////////////////////////////////////////																																																		
//속성1 - 펜타그램 속성과 동일 [0(없음). 1(불). 2(물). 3(땅). 4(바람). 5(암흑)]																																																		
//속성2 [-1(없음). 0(물리). 1(마법)]																																																		
// SkillBrand [특정 스킬이 있어야지만 사용이 가능]. 마스터레벨의 경우 액티브 강화 스킬은 선행스킬 조건을 같은 스킬로 넣어야함																																																		
// SkillUsetype [0(일반스킬). 1(직책스킬). 3(마스터레벨:패시브). 4(마스터레벨:액티브), 5(이벤트 맵 스킬/스킬각인UI에서 표시되지 않음), 6(캐릭터 사용불가스킬/스킬각인UI에서 표시되지 않음)]																																																		
// 스킬 타입 : [0(일반스킬). 1(버프:아군에게 이로운 효과). 2(디버프:적군에게 해로운 효과). 3(치료:대상을 회복시킴)]																																																		
// 일반스킬 : 0 ~ 299 Index																																																		
// 마스터스킬트리 (3차전직) : 300 ~ 1000 Index  - 신스킬(723 ~ 742 Index 의 경우 일반스킬이나 예외처리 됨																																																		
// 스킬강화트리 (4차전직) : 1001 ~ Index																																																		
//번호	Name	레벨	데미지	사용마나량	어빌리티	거리	Delay	ReqEng	ReqStr	ReqDex	ReqCha	속성1	속성2	SkilluseType	SkillBrand	KillCout	길마	부길마	베틀마스터	흑마법사	흑기사	요정	마검사	다크로드	소환술사	레이지파이터	그로우랜서	스킬랭크	스킬그룹	필요마스터레벨포인트	소모체력	소모SD	지속시간	아이콘번호	스킬 타입	무기 스킬	데미지 구분	버프 인덱스	타겟 대상	타겟 영역	사거리 내 장애물	타겟 쫓기	탈것 체크	장비 체크	데미지 스탯1	스탯 나눔값2	데미지 스탯2	스탯 나눔값2	속성 각인 가중치	추가 데미지 효과
1	"Poison"	30	12	42	0	6	0	140	0	0	0	0	5	1	0	0	0	0	0	0	1	0	0	1	0	0	0	0	0	0	0	0	0	0	1	0	0	2	0	0	0	0	0	0	0	3	50	-1	-1	150	0
2	"Meteorite"	21	21	12	0	6	0	104	0	0	0	0	3	1	0	0	0	0	0	0	1	0	0	1	0	1	0	0	0	0	0	0	0	0	2	0	0	2	0	0	0	0	0	0	0	3	45	-1	-1	190	0
3	"Lightning"	13	17	15	0	6	0	72	0	0	0	0	4	1	0	0	0	0	0	0	1	0	0	1	0	0	0	0	0	0	0	0	0	0	3	0	0	2	0	0	0	0	0	0	0	3	40	-1	-1	180	0
4	"Fire Ball"	5	8	3	0	6	0	40	0	0	0	0	1	1	0	0	0	0	0	0	1	0	0	1	0	1	0	0	0	0	0	0	0	0	4	0	0	2	0	0	0	0	0	0	0	3	30	-1	-1	197	0
5	"Flame"	35	25	50	0	6	0	160	0	0	0	0	1	1	0	0	0	0	0	0	1	0	0	1	0	0	0	0	0	0	0	0	0	0	5	0	0	2	0	1	0	0	0	0	0	3	100	-1	-1	120	0
6	"Teleport"	17	0	30	0	6	0	88	0	0	0	0	0	1	0	0	0	0	0	0	1	0	0	0	0	0	0	0	0	0	0	0	0	0	6	0	0	0	0	1	0	2	1	0	0	-1	-1	-1	-1	100	0
7	"Ice"	25	10	38	0	6	0	120	0	0	0	0	2	1	0	0	0	0	0	0	1	0	0	1	0	1	0	0	0	0	0	0	0	0	7	0	0	2	0	0	0	0	0	0	0	3	45	-1	-1	150	0
8	"Twister"	40	35	60	0	6	0	180	0	0	0	0	4	1	0	0	0	0	0	0	1	0	0	1	0	0	0	0	0	0	0	0	0	0	8	0	0	2	0	1	0	0	0	0	0	3	90	-1	-1	140	0
9	"Evil Spirit"	50	45	90	0	6	0	220	0	0	0	0	5	1	0	0	0	0	0	0	1	0	0	1	0	0	0	0	0	0	0	0	0	0	9	0	0	2	0	1	0	0	0	0	0	3	150	-1	-1	110	0
10	"Hellfire"	60	120	160	0	0	0	260	0	0	0	0	1	1	0	0	0	0	0	0	1	0	0	1	0	0	0	0	0	0	0	0	0	0	10	0	0	2	0	1	1	0	1	0	0	3	200	-1	-1	130	0
11	"Power Wave"	9	14	5	0	6	0	56	0	0	0	0	4	1	0	0	0	0	0	0	1	0	0	1	0	1	0	0	0	0	0	0	0	0	11	0	0	2	0	0	0	0	0	0	0	3	30	-1	-1	195	0
12	"Aqua Beam"	74	80	140	0	6	0	345	0	0	0	0	2	1	0	0	0	0	0	0	1	0	0	1	0	0	0	0	0	0	0	0	0	0	12	0	0	2	0	1	0	0	0	0	0	3	200	-1	-1	140	0
13	"Cometfall"	80	70	150	0	6	0	500	0	0	0	0	4	1	0	0	0	0	0	0	1	0	0	1	0	0	0	0	0	0	0	0	0	0	13	0	0	2	0	0	0	0	0	0	0	3	150	-1	-1	130	0
14	"Inferno"	88	100	200	0	0	0	724	0	0	0	0	1	1	0	0	0	0	0	0	1	0	0	1	0	0	0	0	0	0	0	0	0	0	14	0	0	2	0	1	1	0	1	0	0	3	90	-1	-1	110	0
15	"Teleport Ally"	83	0	90	25	6	0	644	0	0	0	0	0	1	0	0	0	0	0	0	2	0	0	0	0	0	0	0	0	0	0	0	0	0	15	0	0	0	0	3	0	2	0	0	0	-1	-1	-1	-1	100	0
16	"Soul Barrier"	77	0	70	22	6	0	408	0	0	0	0	0	1	0	0	0	0	0	0	1	0	0	0	0	0	0	0	0	0	0	0	0	0	16	1	0	0	4	3	0	0	0	0	0	-1	-1	-1	-1	100	0
17	"Energy Ball"	2	3	1	0	6	0	0	0	0	0	0	4	1	0	0	0	0	0	0	1	0	0	0	0	0	0	0	0	0	0	0	0	0	17	0	0	2	0	0	0	0	0	0	0	3	30	-1	-1	200	0
18	"Defense"	0	0	30	0	0	0	0	0	0	0	0	0	-1	0	0	0	0	0	0	0	1	0	1	1	0	0	1	0	0	0	0	0	0	18	0	1	0	0	1	1	0	1	2	1	-1	-1	-1	-1	100	0
19	"Falling Slash"	0	0	9	0	3	0	0	0	0	0	0	4	0	0	0	0	0	0	0	0	1	0	1	1	0	1	0	0	0	0	0	0	0	19	0	1	1	0	0	0	0	0	2	1	1	30	-1	-1	180	0
20	"Lunge"	0	0	9	0	2	0	0	0	0	0	0	4	0	0	0	0	0	0	0	0	1	0	1	1	0	0	1	0	0	0	0	0	0	20	0	1	1	0	0	0	0	0	2	1	1	30	-1	-1	170	0
21	"Uppercut"	0	0	8	0	2	0	0	0	0	0	0	4	0	0	0	0	0	0	0	0	1	0	1	1	0	0	0	0	0	0	0	0	0	21	0	1	1	0	0	0	0	0	2	1	1	30	-1	-1	190	0
22	"Cyclone"	0	0	9	0	2	0	0	0	0	0	0	4	0	0	0	0	0	0	0	0	1	0	1	1	0	0	0	0	0	0	0	0	0	22	0	1	1	0	0	0	0	0	2	1	1	30	-1	-1	165	0
23	"Slash"	0	0	10	0	2	0	0	0	0	0	0	4	0	0	0	0	0	0	0	0	1	0	1	0	0	0	0	0	0	0	0	0	0	23	0	1	1	0	0	0	0	0	2	1	1	30	-1	-1	185	0
24	"Triple Shot"	0	0	5	0	6	0	0	0	0	0	0	4	0	0	0	0	0	0	0	0	0	1	0	0	0	0	0	0	0	0	0	0	0	24	0	1	1	0	1	0	0	0	0	1	2	100	-1	-1	160	0
26	"Heal"	8	0	20	0	6	0	52	0	0	0	0	0	0	0	0	0	0	0	0	0	0	1	0	0	0	0	0	0	0	0	0	0	0	26	3	0	4	0	4	0	0	0	0	0	-1	-1	-1	-1	100	0
27	"Greater Defense"	13	0	30	0	6	0	72	0	0	0	0	0	-1	0	0	0	0	0	0	0	0	1	0	0	0	0	0	0	0	0	0	0	0	27	1	0	4	2	4	0	0	0	0	0	-1	-1	-1	-1	100	0
28	"Greater Damage"	18	0	40	0	6	0	92	0	0	0	0	0	-1	0	0	0	0	0	0	0	0	1	0	0	0	0	0	0	0	0	0	0	0	28	1	0	4	1	4	0	0	0	0	0	-1	-1	-1	-1	100	0
30	"Summon Goblin"	0	0	40	0	0	0	30	0	0	0	0	0	-1	0	0	0	0	0	0	0	0	1	0	0	0	0	0	0	0	0	0	0	0	30	4	0	0	0	1	1	0	1	0	0	-1	-1	-1	-1	100	0
31	"Summon Stone Golem"	0	0	70	0	0	0	60	0	0	0	0	0	-1	0	0	0	0	0	0	0	0	1	0	0	0	0	0	0	0	0	0	0	0	31	4	0	0	0	1	1	0	1	0	0	-1	-1	-1	-1	100	0
32	"Summon Assassin"	0	0	110	0	0	0	90	0	0	0	0	0	-1	0	0	0	0	0	0	0	0	1	0	0	0	0	0	0	0	0	0	0	0	32	4	0	0	0	1	1	0	1	0	0	-1	-1	-1	-1	100	0
33	"Summon Elite Yeti"	0	0	160	0	0	0	130	0	0	0	0	0	-1	0	0	0	0	0	0	0	0	1	0	0	0	0	0	0	0	0	0	0	0	33	4	0	0	0	1	1	0	1	0	0	-1	-1	-1	-1	100	0
34	"Summon Dark Knight"	0	0	200	0	0	0	170	0	0	0	0	0	-1	0	0	0	0	0	0	0	0	1	0	0	0	0	0	0	0	0	0	0	0	34	4	0	0	0	1	1	0	1	0	0	-1	-1	-1	-1	100	0
35	"Summon Bali"	0	0	250	0	0	0	210	0	0	0	0	0	-1	0	0	0	0	0	0	0	0	1	0	0	0	0	0	0	0	0	0	0	0	35	4	0	0	0	1	1	0	1	0	0	-1	-1	-1	-1	100	0
36	"Summon Soldier"	0	0	350	0	0	0	300	0	0	0	0	0	-1	0	0	0	0	0	0	0	0	1	0	0	0	0	0	0	0	0	0	0	0	36	4	0	0	0	1	1	0	1	0	0	-1	-1	-1	-1	100	0
38	"Decay"	96	95	110	7	6	0	953	0	0	0	0	5	1	0	0	0	0	0	0	2	0	0	0	0	0	0	0	0	0	0	0	0	0	38	0	0	2	0	1	0	0	0	0	0	3	100	-1	-1	110	0
39	"Ice Storm"	93	80	100	5	6	0	849	0	0	0	0	2	1	0	0	0	0	0	0	2	0	0	0	0	0	0	0	0	0	0	0	0	0	39	0	0	2	0	1	0	0	0	0	0	3	90	-1	-1	115	0
40	"Nova"	100	0	180	45	6	0	1052	0	0	0	0	1	1	0	0	0	0	0	0	2	0	0	0	0	0	0	0	0	0	0	0	0	0	40	0	0	2	0	1	1	0	1	0	0	-1	-1	-1	-1	160	0
41	"Twisting Slash"	0	0	10	10	2	0	0	0	0	0	0	4	0	0	0	0	0	0	0	0	1	0	1	0	0	0	0	0	0	0	0	0	0	41	0	0	1	0	1	1	0	1	0	2	1	40	-1	-1	150	0
42	"Rageful Blow"	170	60	25	20	3	0	0	0	0	0	0	3	0	0	0	0	0	0	0	0	2	0	0	0	0	0	0	0	0	0	0	0	0	42	0	0	1	0	1	0	2	1	0	2	1	150	-1	-1	125	0
43	"Death Stab"	160	70	15	12	2	0	0	0	0	0	0	4	0	0	0	0	0	0	0	0	2	0	0	0	0	0	0	0	0	0	0	0	0	43	0	0	1	0	0	0	0	0	0	2	1	150	-1	-1	105	0
44	"Crescent Moon Slash"	0	90	22	15	4	0	0	0	0	0	0	0	-1	0	75	0	0	0	0	0	1	0	0	0	0	0	0	0	0	0	0	0	0	44	0	0	0	0	0	0	0	0	2	2	-1	-1	-1	-1	100	0
45	"Lance"	0	90	150	10	6	0	0	0	0	0	0	0	-1	0	75	0	0	0	0	1	0	0	0	0	1	0	0	0	0	0	0	0	0	45	0	0	0	0	0	0	0	0	0	0	-1	-1	-1	-1	100	0
46	"Starfall"	0	120	20	15	8	0	0	0	0	0	0	0	-1	0	75	0	0	0	0	0	0	1	0	0	0	0	0	0	0	0	0	0	0	46	0	0	0	0	0	0	0	0	0	5	-1	-1	-1	-1	100	0
47	"Impale"	28	15	8	0	3	0	0	0	0	0	0	4	0	0	0	0	0	0	0	0	1	0	1	0	0	0	0	0	0	0	0	0	0	47	0	0	1	0	0	0	0	0	1	4	1	35	-1	-1	170	0
48	"Swell Life"	120	0	22	24	0	0	0	0	0	0	0	0	-1	0	0	0	0	0	0	0	1	0	0	0	0	0	0	0	0	0	0	0	0	48	1	0	0	8	2	1	0	1	0	0	-1	-1	-1	-1	100	0
49	"Fire Breath"	110	30	9	0	3	0	0	0	0	0	0	4	0	0	0	0	0	0	0	0	1	0	0	0	0	0	0	0	0	0	0	0	0	49	0	0	1	0	0	0	0	0	0	0	-1	-1	-1	-1	150	0
50	"Flame of Evil (Monster)"	60	120	160	0	0	0	260	0	0	0	0	0	-1	6	0	0	0	0	0	0	0	0	0	0	0	0	0	0	0	0	0	0	0	50	0	0	0	0	0	0	0	0	0	0	-1	-1	-1	-1	100	0
51	"Ice Arrow"	0	105	10	12	8	0	0	0	646	0	0	2	0	0	0	0	0	0	0	0	0	2	0	0	0	0	0	0	0	0	0	0	0	51	0	0	1	0	0	0	0	0	0	5	2	150	-1	-1	115	0
52	"Penetration"	130	70	7	9	6	0	0	0	0	0	0	4	0	0	0	0	0	0	0	0	0	1	0	0	0	0	0	0	0	0	0	0	0	52	0	0	1	0	1	0	2	0	0	5	2	200	-1	-1	130	0
55	"Fire Slash"	0	80	17	24	3	0	0	596	0	0	0	5	-1	0	0	0	0	0	0	0	0	0	1	0	0	0	0	0	0	0	0	0	0	55	0	0	1	0	1	0	2	0	0	2	1	150	-1	-1	105	0
56	"Power Slash"	0	0	15	0	5	0	0	0	0	0	0	4	-1	0	0	0	0	0	0	0	0	0	1	0	0	0	0	0	0	0	0	0	0	56	0	1	1	0	1	0	2	0	2	1	1	100	-1	-1	125	0
57	"Spiral Slash"	0	75	20	15	5	0	0	0	0	0	0	0	-1	0	75	0	0	0	0	0	0	0	1	0	0	0	0	0	0	0	0	0	0	57	0	0	0	0	0	0	0	0	2	3	-1	-1	-1	-1	100	0
60	"Force"	0	10	10	0	4	0	15	0	0	0	0	4	1	0	0	0	0	0	0	0	0	0	0	1	0	0	0	0	0	0	0	0	0	60	0	0	1	0	0	0	0	0	0	0	1	40	-1	-1	160	0
61	"Fire Burst"	74	100	25	0	6	0	79	0	0	0	0	1	1	0	0	0	0	0	0	0	0	0	0	1	0	0	0	0	0	0	0	0	0	61	0	0	1	0	0	0	0	0	0	0	1	100	-1	-1	135	0
62	"Earthshake"	0	150	0	50	10	10000	0	0	0	0	0	3	0	0	0	0	0	0	0	0	0	0	0	1	0	0	0	0	0	0	0	0	0	62	0	0	1	0	1	1	0	1	0	0	-1	-1	-1	-1	100	0
63	"Summon"	98	0	70	30	0	30000	153	0	0	400	0	0	-1	0	0	0	0	0	0	0	0	0	0	1	0	0	0	0	0	0	0	0	0	63	0	0	0	0	1	1	0	1	0	0	-1	-1	-1	-1	100	0
64	"Increase Critical Damage"	82	0	50	50	0	0	102	0	0	300	0	0	-1	0	0	0	0	0	0	0	0	0	0	1	0	0	0	0	0	0	0	0	0	64	1	0	0	5	2	1	0	1	0	0	-1	-1	-1	-1	100	0
65	"Electric Spike"	92	250	0	100	10	5000	126	0	0	340	0	4	1	0	0	0	0	0	0	0	0	0	0	1	0	0	0	0	0	0	0	0	0	65	0	0	1	0	0	0	0	0	0	0	1	100	-1	-1	100	0
66	"Force Wave"	0	50	10	0	4	0	0	0	0	0	0	4	1	0	0	0	0	0	0	0	0	0	0	1	0	0	0	0	0	0	0	0	0	66	0	1	1	0	0	0	0	0	0	0	1	40	-1	-1	160	0
67	"Stun"	0	0	70	50	2	0	0	0	0	0	0	0	-1	1	0	4	0	0	1	1	1	1	1	1	1	0	0	0	0	0	0	0	0	67	2	0	0	0	1	0	0	0	0	0	-1	-1	-1	-1	100	0
68	"Cancel Stun"	0	0	25	30	0	0	0	0	0	0	0	0	-1	1	0	2	0	0	1	1	1	1	1	1	1	0	0	0	0	0	0	0	0	68	3	0	0	0	4	0	0	0	0	0	-1	-1	-1	-1	100	0
69	"Swell Mana"	0	0	35	30	0	0	0	0	0	0	0	0	-1	1	0	4	0	0	1	1	1	1	1	1	1	0	0	0	0	0	0	0	0	69	1	0	0	9	2	1	0	1	0	0	-1	-1	-1	-1	100	0
70	"Invisibility"	0	0	80	60	0	0	0	0	0	0	0	0	-1	1	0	5	1	1	0	1	1	1	1	1	1	0	0	0	0	0	0	0	0	70	1	0	0	0	2	1	0	1	0	0	-1	-1	-1	-1	100	0
71	"Cancel Invisibility"	0	0	40	30	0	0	0	0	0	0	0	0	-1	1	0	2	1	1	0	1	1	1	1	1	1	0	0	0	0	0	0	0	0	71	3	0	0	0	4	0	0	0	0	0	-1	-1	-1	-1	100	0
72	"Abolish Magic"	0	0	90	70	0	0	0	0	0	0	0	0	-1	1	0	8	1	0	0	0	0	0	0	1	0	0	0	0	0	0	0	0	0	72	3	0	0	0	4	0	0	0	0	0	-1	-1	-1	-1	100	0
73	"Mana Rays"	0	85	130	7	6	0	0	0	0	0	0	0	-1	0	75	0	0	0	0	0	0	0	1	0	0	0	0	0	0	0	0	0	0	73	0	0	0	0	0	0	0	0	0	6	-1	-1	-1	-1	100	0
74	"Fire Blast"	0	150	30	10	6	0	0	0	0	0	0	0	-1	0	75	0	0	0	0	0	0	0	0	1	0	0	0	0	0	0	0	0	0	74	0	0	0	0	0	0	0	0	0	0	-1	-1	-1	-1	100	0
76	"Plasma Storm"	110	60	50	20	6	1500	0	0	0	0	0	0	0	0	0	0	0	0	0	2	2	2	1	1	2	1	1	0	0	0	0	0	0	76	0	0	0	0	0	0	0	0	0	0	-1	-1	-1	-1	100	0
77	"Infinity Arrow"	220	0	50	10	6	0	0	0	0	0	0	0	-1	0	0	0	0	0	0	0	0	2	0	0	0	0	0	0	0	0	0	0	0	77	1	0	0	6	2	1	0	1	0	0	-1	-1	-1	-1	100	0
78	"Fire Scream"	102	130	45	10	6	0	150	0	0	70	0	1	1	0	0	0	0	0	0	0	0	0	0	1	0	0	0	0	0	0	0	0	0	78	0	0	1	0	1	0	2	0	0	0	1	150	-1	-1	115	0
79	"Explosion"	0	0	0	0	2	0	0	0	0	0	0	0	1	6	0	0	0	0	0	0	0	0	0	1	0	0	0	0	0	0	0	0	0	79	0	0	0	0	0	0	0	0	0	0	-1	-1	-1	-1	100	0
200	"Summon Monster"	0	0	40	0	0	0	20	0	0	0	0	0	-1	6	0	0	0	0	0	0	0	0	0	0	0	0	0	0	0	0	0	0	0	200	0	0	0	0	0	0	0	0	0	0	-1	-1	-1	-1	100	0
201	"Magic Attack Immunity"	0	0	40	0	0	0	20	0	0	0	0	0	-1	6	0	0	0	0	0	0	0	0	0	0	0	0	0	0	0	0	0	0	0	201	0	0	0	0	0	0	0	0	0	0	-1	-1	-1	-1	100	0
202	"Physical Attack Immunity"	0	0	40	0	0	0	20	0	0	0	0	0	-1	6	0	0	0	0	0	0	0	0	0	0	0	0	0	0	0	0	0	0	0	202	0	0	0	0	0	0	0	0	0	0	-1	-1	-1	-1	100	0
203	"Potion of Bless"	0	0	40	0	0	0	20	0	0	0	0	0	-1	6	0	0	0	0	0	0	0	0	0	0	0	0	0	0	0	0	0	0	0	203	0	0	0	0	0	0	0	0	0	0	-1	-1	-1	-1	100	0
204	"Potion of Soul"	0	0	40	0	0	0	20	0	0	0	0	0	-1	6	0	0	0	0	0	0	0	0	0	0	0	0	0	0	0	0	0	0	0	204	0	0	0	0	0	0	0	0	0	0	-1	-1	-1	-1	100	0
210	"Spell of Protection"	0	0	30	0	0	60000	0	0	0	0	0	0	0	5	0	0	0	0	0	1	1	1	1	1	1	1	1	0	0	0	0	0	0	210	1	0	0	0	2	1	0	0	0	0	-1	-1	-1	-1	100	0
211	"Spell of Restriction"	0	0	30	0	3	60000	0	0	0	0	0	0	0	5	0	0	0	0	0	1	1	1	1	1	1	1	1	0	0	0	0	0	0	211	2	0	0	0	0	0	0	1	0	0	-1	-1	-1	-1	100	0
212	"Spell of Pursuit"	0	0	30	0	0	120000	0	0	0	0	0	0	0	5	0	0	0	0	0	1	1	1	1	1	1	1	1	0	0	0	0	0	0	212	0	0	0	0	2	0	0	0	0	0	-1	-1	-1	-1	100	0
213	"Shied-Burn"	0	0	30	0	3	60000	0	0	0	0	0	0	0	5	0	0	0	0	0	1	1	1	1	1	1	1	1	0	0	0	0	0	0	213	0	0	0	0	0	0	0	1	0	0	-1	-1	-1	-1	100	0
214	"Drain Life"	35	35	50	0	6	0	150	0	0	0	0	5	1	0	0	0	0	0	0	0	0	0	0	0	1	0	0	0	0	0	0	0	0	214	0	0	2	0	0	0	0	0	0	0	-1	-1	-1	-1	100	0
215	"Chain Lightning"	75	70	85	0	6	0	245	0	0	0	0	4	1	0	0	0	0	0	0	0	0	0	0	0	1	0	0	0	0	0	0	0	0	215	0	0	2	0	0	0	0	0	0	0	3	200	-1	-1	105	0
217	"Damage Reflection"	80	0	40	10	5	5000	375	0	0	0	0	0	1	0	0	0	0	0	0	0	0	0	0	0	1	0	0	0	0	0	0	0	0	217	1	0	0	71	4	0	0	0	0	0	-1	-1	-1	-1	100	0
218	"Berserker"	83	0	100	50	5	5000	620	0	0	0	0	0	1	0	0	0	0	0	0	0	0	0	0	0	1	0	0	0	0	0	0	0	0	218	1	0	0	81	2	1	0	1	0	0	-1	-1	-1	-1	100	0
219	"Sleep"	40	0	20	3	6	0	180	0	0	0	0	0	1	0	0	0	0	0	0	0	0	0	0	0	1	0	0	0	0	0	0	0	0	219	2	0	0	0	0	0	0	0	0	0	-1	-1	-1	-1	100	0
221	"Weakness"	93	0	50	15	6	4000	663	0	0	0	0	0	1	0	0	0	0	0	0	0	0	0	0	0	1	0	0	0	0	0	0	0	0	221	2	0	0	0	1	0	2	0	0	0	-1	-1	-1	-1	100	0
222	"Innovation"	111	0	70	15	6	4000	912	0	0	0	0	0	1	0	0	0	0	0	0	0	0	0	0	0	1	0	0	0	0	0	0	0	0	222	2	0	0	0	1	0	2	0	0	0	-1	-1	-1	-1	100	0
223	"Explosion"	50	40	90	5	6	4000	230	0	0	0	0	1	1	0	0	0	0	0	0	0	0	0	0	0	1	0	0	0	0	0	0	0	0	223	0	0	3	0	1	0	2	1	0	1	3	150	-1	-1	120	0
224	"Requiem"	75	65	110	10	6	4000	317	0	0	0	0	3	1	0	0	0	0	0	0	0	0	0	0	0	1	0	0	0	0	0	0	0	0	224	0	1	3	0	1	0	2	1	0	1	3	150	-1	-1	125	0
225	"Pollution"	85	80	120	15	6	4000	411	0	0	0	0	4	1	0	0	0	0	0	0	0	0	0	0	0	1	0	0	0	0	0	0	0	0	225	0	1	3	0	1	0	2	1	0	1	3	150	-1	-1	125	0
230	"Lightning Shock"	93	95	115	7	6	0	823	0	0	0	0	4	1	0	0	0	0	0	0	0	0	0	0	0	1	0	0	0	0	0	0	0	0	230	0	0	2	0	1	0	2	0	0	0	3	200	-1	-1	105	0
232	"Strike of Destruction"	100	110	30	24	5	0	0	0	0	0	0	2	0	0	0	0	0	0	0	0	2	0	0	0	0	0	0	0	0	0	0	0	0	232	0	0	1	0	1	0	2	1	0	2	1	150	-1	-1	135	0
233	"Expansion of Wizardry"	220	0	200	50	6	0	1058	0	0	0	0	0	1	0	0	0	0	0	0	2	0	0	0	0	0	0	0	0	0	0	0	0	0	233	1	0	0	82	2	1	0	1	0	0	-1	-1	-1	-1	100	0
234	"Recovery"	100	0	40	10	6	0	168	0	0	0	0	0	0	0	0	0	0	0	0	0	0	2	0	0	0	0	0	0	0	0	0	0	0	234	3	0	0	0	4	0	0	0	0	0	-1	-1	-1	-1	100	0
235	"Multi-Shot"	100	40	10	7	6	0	0	0	0	0	0	4	0	0	0	0	0	0	0	0	0	2	0	0	0	0	0	0	0	0	0	0	0	235	0	0	1	0	1	0	0	0	0	5	2	200	-1	-1	105	0
236	"Flame Strike"	100	140	20	25	3	0	0	0	0	0	0	1	1	0	0	0	0	0	0	0	0	0	1	0	0	0	0	0	0	0	0	0	0	236	0	0	1	0	1	0	2	0	0	2	1	200	-1	-1	135	0
237	"Gigantic Storm"	220	110	120	10	6	0	1058	0	0	0	0	4	1	0	0	0	0	0	0	0	0	0	1	0	0	0	0	0	0	0	0	0	0	237	0	0	2	0	1	0	2	0	0	0	3	250	-1	-1	115	0
238	"Chaotic Diseier"	100	190	50	15	6	0	84	0	0	0	0	5	1	0	0	0	0	0	0	0	0	0	0	1	0	0	0	0	0	0	0	0	0	238	0	0	1	0	1	0	2	0	0	0	1	150	-1	-1	105	0
239	"Doppeganger Self Explosion"	100	140	20	25	3	0	0	0	0	0	0	1	1	6	0	0	0	0	0	0	0	0	1	0	0	0	0	0	0	0	0	0	0	239	0	0	0	0	0	0	0	0	0	0	-1	-1	-1	-1	100	0
260	"Killing Blow"	0	0	9	0	2	0	0	0	0	0	0	3	1	0	0	0	0	0	0	0	0	0	0	0	0	1	0	0	0	0	0	0	0	260	0	1	1	0	0	0	1	0	2	0	4	200	-1	-1	155	0
261	"Beast Uppercut"	0	0	9	0	2	0	0	0	0	0	0	1	1	0	0	0	0	0	0	0	0	0	0	0	0	1	0	0	0	0	0	0	0	261	0	1	1	0	0	0	1	0	2	0	4	200	-1	-1	155	0
262	"Chain Drive"	150	0	15	20	4	700	0	0	0	0	0	2	1	0	0	0	0	0	0	0	0	0	0	0	0	1	0	0	0	0	0	0	0	262	0	0	1	0	0	0	1	0	2	7	-1	-1	-1	-1	105	0
263	"Dark Side"	180	0	70	0	5	0	0	0	0	0	0	3	1	0	0	0	0	0	0	0	0	0	0	0	0	1	0	0	0	0	0	0	0	263	0	0	1	0	1	0	0	0	0	0	-1	-1	-1	-1	115	0
264	"Dragon Roar"	150	0	50	30	3	700	0	0	0	0	0	3	1	0	0	0	0	0	0	0	0	0	0	0	0	1	0	0	0	0	0	0	0	264	0	0	1	0	0	0	0	0	0	7	-1	-1	-1	-1	100	0
265	"Dragon Slasher"	200	0	100	100	4	3000	0	0	0	0	0	4	1	0	0	0	0	0	0	0	0	0	0	0	0	1	0	0	0	0	0	0	0	265	0	0	1	0	0	0	0	0	2	7	-1	-1	-1	-1	100	0
266	"Ignore Defense"	120	0	50	10	3	0	404	0	0	0	0	0	1	0	0	0	0	0	0	0	0	0	0	0	0	1	0	0	0	0	0	0	0	266	1	0	0	129	2	1	0	1	0	0	-1	-1	-1	-1	100	0
267	"Increase Health"	80	0	50	10	7	0	132	0	0	0	0	0	1	0	0	0	0	0	0	0	0	0	0	0	0	1	0	0	0	0	0	0	0	267	1	0	0	130	2	1	0	1	0	0	-1	-1	-1	-1	100	0
268	"Increase Block"	50	0	50	10	7	0	80	0	0	0	0	0	1	0	0	0	0	0	0	0	0	0	0	0	0	1	0	0	0	0	0	0	0	268	1	0	0	131	2	1	0	1	0	0	-1	-1	-1	-1	100	0
269	"Charge"	0	90	20	15	4	0	0	0	0	0	0	0	1	0	75	0	0	0	0	0	0	0	0	0	0	1	0	0	0	0	0	0	0	269	0	0	0	0	0	0	1	0	2	0	-1	-1	-1	-1	100	0
270	"Phoenix Shot"	0	0	30	0	4	1200	0	0	0	0	0	4	1	0	0	0	0	0	0	0	0	0	0	0	0	1	0	0	0	0	0	0	0	270	0	1	1	0	0	0	0	0	0	0	4	200	-1	-1	125	0
271	"Spin Step"	83	100	12	0	2	500	0	0	150	0	0	2	0	0	0	0	0	0	0	0	0	0	0	0	0	0	1	0	0	0	0	0	0	271	0	0	1	0	0	0	0	0	0	4	2	-1	-1	-1	100	0
272	"Circle Shield"	220	0	100	50	0	0	0	0	0	0	0	0	0	0	0	0	0	0	0	0	0	0	0	0	0	0	1	0	0	0	0	0	0	272	1	0	0	216	2	0	0	0	0	8	2	-1	-1	-1	100	0
273	"Obsidian"	74	0	50	50	0	0	200	0	0	0	0	0	0	0	0	0	0	0	0	0	0	0	0	0	0	0	1	0	0	0	0	0	0	273	1	0	0	217	3	0	0	0	0	0	1	-1	-1	-1	100	0
274	"Magic Pin"	30	80	30	20	2	500	0	300	300	0	0	2	0	0	0	0	0	0	0	0	0	0	0	0	0	0	1	0	0	0	0	0	0	274	0	0	1	0	0	0	0	0	0	4	2	-1	-1	-1	100	0
275	"Clash"	0	50	50	50	6	10000	0	0	0	0	0	0	0	0	75	0	0	0	0	0	0	0	0	0	0	0	1	0	0	0	0	0	0	275	0	0	0	0	0	0	0	0	2	0	1	-1	-1	-1	100	0
276	"Harsh Strike"	74	100	12	0	3	500	0	150	0	0	0	1	0	0	0	0	0	0	0	0	0	0	0	0	0	0	1	0	0	0	0	0	0	276	0	0	1	0	0	0	0	0	0	4	1	30	-1	-1	110	0
277	"Shining Peak"	92	70	50	20	4	0	200	0	0	0	0	4	0	0	0	0	0	0	0	0	0	0	0	0	0	0	1	0	0	0	0	0	0	277	0	0	1	0	1	0	0	0	0	4	1	-1	-1	-1	110	0
278	"Wrath"	66	0	100	50	0	60000	0	200	200	0	0	0	0	0	0	0	0	0	0	0	0	0	0	0	0	0	1	0	0	0	0	0	0	278	1	0	0	218	2	0	0	0	2	0	2	-1	-1	-1	100	0
279	"Breche"	300	400	40	20	3	500	0	0	0	0	0	1	0	0	0	0	0	0	0	0	0	0	0	0	0	0	1	0	0	0	0	0	0	279	0	0	1	0	1	0	0	0	2	4	2	-1	-1	-1	110	0
280	"Explosion"	0	50	0	0	2	0	0	0	0	0	0	0	1	6	0	0	0	0	0	0	0	0	0	0	0	0	1	0	0	0	0	0	0	280	0	0	0	0	0	0	0	0	0	0	-1	-1	-1	-1	110	0
281	"Magic Pin Explosion"	0	0	0	0	0	0	0	0	0	0	0	0	1	6	0	0	0	0	0	0	0	0	0	0	0	0	1	0	0	0	0	0	0	281	0	0	0	0	0	0	0	0	0	0	-1	-1	-1	-1	100	0
282	"Spirit Hook"	180	255	27	21	3	0	0	0	0	0	1480	2	1	0	0	0	0	0	0	0	0	0	0	0	0	3	0	0	0	0	0	0	0	441	0	0	1	0	0	0	1	0	0	7	4	10	-1	-1	105	1
300	"Durability Reduction (1)"	0	37	0	0	0	0	0	0	0	0	0	0	-1	3	0	0	0	0	0	3	3	3	3	3	3	0	3	1	1	1	0	0	0	0	0	0	0	0	0	0	0	0	0	0	-1	-1	-1	-1	100	0
301	"PvP Defence Rate Increase"	0	12	0	0	0	0	0	0	0	0	0	0	-1	3	0	0	0	0	0	3	3	3	3	3	3	0	3	1	2	1	0	0	0	1	0	0	0	0	0	0	0	0	0	0	-1	-1	-1	-1	100	0
302	"Maximum SD increase"	0	13	0	0	0	0	0	0	0	0	0	0	-1	3	0	0	0	0	0	3	3	3	3	3	3	0	3	2	3	1	0	0	0	2	0	0	0	0	0	0	0	0	0	0	-1	-1	-1	-1	100	0
303	"Auto Mana Recovery Increase"	0	7	0	0	0	0	0	0	0	0	0	0	-1	3	0	0	0	0	0	3	3	3	3	3	3	0	3	2	4	1	0	0	0	3	0	0	0	0	0	0	0	0	0	0	-1	-1	-1	-1	100	0
304	"Poison Resistance Increase"	0	1	0	0	0	0	0	0	0	0	0	5	-1	3	0	0	0	0	0	3	3	3	3	3	3	0	3	2	5	1	0	0	0	4	0	0	0	0	0	0	0	0	0	0	-1	-1	-1	-1	100	0
305	"Durability Reduction (2)"	0	17	0	0	0	0	0	0	0	0	0	0	-1	3	0	0	0	0	0	3	3	3	3	3	3	0	3	3	6	1	0	0	0	5	0	0	0	0	0	0	0	0	0	0	-1	-1	-1	-1	100	0
306	"SD Recovery Speed Increase"	0	1	0	0	0	0	0	0	0	0	0	0	-1	3	0	0	0	0	0	3	3	3	3	3	3	0	3	3	7	1	0	0	0	6	0	0	0	0	0	0	0	0	0	0	-1	-1	-1	-1	100	0
307	"Automatic HP Recovery Increase"	0	1	0	0	0	0	0	0	0	0	0	0	-1	3	0	0	0	0	0	3	3	3	3	3	3	0	3	3	8	1	0	0	0	7	0	0	0	0	0	0	0	0	0	0	-1	-1	-1	-1	100	0
308	"Lightning Resistance Increase"	0	1	0	0	0	0	0	0	0	0	0	2	-1	3	0	0	0	0	0	3	3	3	3	3	3	0	3	3	9	1	0	0	0	8	0	0	0	0	0	0	0	0	0	0	-1	-1	-1	-1	100	0
309	"Defense Increase"	0	16	0	0	0	0	0	0	0	0	0	0	-1	3	0	0	0	0	0	3	3	3	3	3	3	0	3	4	10	1	0	0	0	9	0	0	0	0	0	0	0	0	0	0	-1	-1	-1	-1	100	0
310	"Automatic AG Recovery Increase"	0	1	0	0	0	0	0	0	0	0	0	0	-1	3	0	0	0	0	0	3	3	3	3	3	3	0	3	4	11	1	0	0	0	10	0	0	0	0	0	0	0	0	0	0	-1	-1	-1	-1	100	0
311	"Ice Resistance Increase"	0	1	0	0	0	0	0	0	0	0	0	0	-1	3	0	0	0	0	0	3	3	3	3	3	3	0	3	4	12	1	0	0	0	11	0	0	0	0	0	0	0	0	0	0	-1	-1	-1	-1	100	0
312	"Durability Reduction (3)"	0	17	0	0	0	0	0	0	0	0	0	0	-1	3	0	0	0	0	0	3	3	3	3	3	3	0	3	5	13	1	0	0	0	12	0	0	0	0	0	0	0	0	0	0	-1	-1	-1	-1	100	0
313	"Defense Success Rate Increase"	0	1	0	0	0	0	0	0	0	0	0	0	-1	3	0	0	0	0	0	3	3	3	3	3	3	0	3	5	14	1	0	0	0	13	0	0	0	0	0	0	0	0	0	0	-1	-1	-1	-1	100	0
314	"Cast Invincibility"	0	38	0	0	0	0	0	0	0	0	0	0	-1	3	0	0	0	0	0	3	3	3	3	3	3	0	3	6	15	1	0	0	0	14	0	0	0	0	0	0	0	0	0	0	-1	-1	-1	-1	100	0
315	"Armor Set Bonus Increase"	0	3	0	0	0	0	0	0	0	0	0	0	-1	3	0	0	0	0	0	3	3	3	3	3	3	0	3	6	16	1	0	0	0	15	0	0	0	0	0	0	0	0	0	0	-1	-1	-1	-1	100	0
316	"Vengeance"	0	38	0	0	0	0	0	0	0	0	0	0	-1	3	0	0	0	0	0	3	3	3	3	3	3	0	3	6	17	1	0	0	0	16	0	0	0	0	0	0	0	0	0	0	-1	-1	-1	-1	100	0
317	"Energy Increase"	0	40	0	0	0	0	0	0	0	0	0	0	-1	3	0	0	0	0	0	3	3	3	3	3	3	0	3	7	18	1	0	0	0	17	0	0	0	0	0	0	0	0	0	0	-1	-1	-1	-1	100	0
318	"Stamina Increase"	0	40	0	0	0	0	0	0	0	0	0	0	-1	3	0	0	0	0	0	3	3	3	3	3	3	0	3	7	19	1	0	0	0	18	0	0	0	0	0	0	0	0	0	0	-1	-1	-1	-1	100	0
319	"Agility Increase"	0	40	0	0	0	0	0	0	0	0	0	0	-1	3	0	0	0	0	0	3	3	3	3	3	3	0	3	7	20	1	0	0	0	19	0	0	0	0	0	0	0	0	0	0	-1	-1	-1	-1	100	0
320	"Strength Increase"	0	40	0	0	0	0	0	0	0	0	0	0	-1	3	0	0	0	0	0	3	3	3	3	3	3	0	3	7	21	1	0	0	0	20	0	0	0	0	0	0	0	0	0	0	-1	-1	-1	-1	100	0
321	"Wing of Storm Absorption PowUp"	0	38	0	0	0	0	0	0	0	0	0	0	-1	3	0	0	0	0	0	0	3	0	0	0	0	0	0	8	22	1	0	0	0	21	0	0	0	0	0	0	0	0	0	0	-1	-1	-1	-1	100	0
322	"Wing of Storm Defense PowUp"	0	17	0	0	0	0	0	0	0	0	0	0	-1	3	0	0	0	0	0	0	3	0	0	0	0	0	0	8	23	1	0	0	0	22	0	0	0	0	0	0	0	0	0	0	-1	-1	-1	-1	100	0
323	"Iron Defense"	0	1	0	0	0	0	0	0	0	0	0	0	-1	3	0	0	0	0	0	3	3	3	3	3	3	3	3	6	15	1	0	0	0	14	0	0	0	0	0	0	0	0	0	0	-1	-1	-1	-1	100	0
324	"Wing of Storm Attack PowUp"	0	17	0	0	0	0	0	0	0	0	0	0	-1	3	0	0	0	0	0	0	3	0	0	0	0	0	0	9	35	1	0	0	0	24	0	0	0	0	0	0	0	0	0	0	-1	-1	-1	-1	100	0
325	"Attack Success Rate Increase"	0	13	0	0	0	0	0	0	0	0	0	0	-1	3	0	0	0	0	0	3	3	3	3	3	3	0	3	1	36	1	0	0	0	25	0	0	0	0	0	0	0	0	0	0	-1	-1	-1	-1	100	0
326	"Cyclone Strengthener"	0	4	9	0	2	0	0	0	0	0	0	4	0	4	22	0	0	0	0	0	3	0	0	0	0	0	0	2	37	1	0	0	0	26	0	1	1	0	0	0	0	0	0	0	1	30	-1	-1	165	0
327	"Slash Strengthener"	0	40	10	0	2	0	0	0	0	0	0	4	0	4	23	0	0	0	0	0	3	0	0	0	0	0	0	2	38	1	0	0	0	27	0	1	1	0	0	0	0	0	0	0	1	30	-1	-1	185	0
328	"Falling Slash Strengthener"	0	17	9	0	3	0	0	0	0	0	0	4	0	4	19	0	0	0	0	0	3	0	0	0	0	0	0	2	39	1	0	0	0	28	0	1	1	0	0	0	0	0	0	0	1	30	-1	-1	180	0
329	"Lunge Strengthener"	0	17	9	0	2	0	0	0	0	0	0	4	0	4	20	0	0	0	0	0	3	0	0	0	0	0	3	2	40	1	0	0	0	29	0	1	1	0	0	0	0	0	0	0	1	30	-1	-1	170	0
330	"Twisting Slash Strengthener"	0	40	10	10	2	0	0	0	0	0	0	4	0	4	41	0	0	0	0	0	3	0	0	0	0	0	0	3	41	1	0	0	0	30	0	0	1	0	1	1	0	1	0	2	1	40	-1	-1	150	0
331	"Rageful Blow Strengthener"	170	22	25	22	3	0	0	0	0	0	0	3	0	4	42	0	0	0	0	0	3	0	0	0	0	0	0	3	42	1	0	0	0	31	0	0	1	0	1	0	2	1	0	2	1	150	-1	-1	125	0
332	"Twisting Slash Mastery"	0	1	22	20	2	0	0	0	0	0	0	4	0	4	330	0	0	0	0	0	3	0	0	0	0	0	0	4	41	1	0	0	0	32	0	0	0	0	1	1	0	1	0	0	1	40	-1	-1	150	0
333	"Rageful Blow Mastery"	170	1	50	30	3	0	0	0	0	0	0	3	0	4	331	0	0	0	0	0	3	0	0	0	0	0	0	4	42	1	0	0	0	33	0	0	0	0	1	0	2	1	0	2	1	150	-1	-1	125	0
334	"Maximum Life Increase"	0	9	0	0	0	0	0	0	0	0	0	0	-1	3	0	0	0	0	0	3	3	3	3	3	3	0	3	4	43	1	0	0	0	34	0	0	0	0	0	0	0	0	0	0	-1	-1	-1	-1	100	0
335	"Weapon Mastery"	0	22	0	0	0	0	0	0	0	0	0	0	-1	3	0	0	0	0	0	0	3	0	0	0	0	0	0	4	44	1	0	0	0	35	0	0	0	0	0	0	0	0	0	0	-1	-1	-1	-1	100	0
336	"Slash Strengthener"	160	22	15	13	3	0	0	0	0	0	0	4	0	4	43	0	0	0	0	0	3	0	0	0	0	0	0	5	45	1	0	0	0	36	0	0	1	0	0	0	0	0	0	2	1	150	-1	-1	105	0
337	"Strike of Destruction Power Up"	100	22	30	24	5	0	0	0	0	0	0	2	0	4	232	0	0	0	0	0	3	0	0	0	0	0	0	5	46	1	0	0	0	37	0	0	1	0	1	0	2	1	0	2	1	150	-1	-1	135	0
338	"Maximum Mana Increase"	0	9	0	0	0	0	0	0	0	0	0	0	-1	3	0	0	0	0	0	3	3	3	3	3	3	0	3	5	47	1	0	0	0	38	0	0	0	0	0	0	0	0	0	0	-1	-1	-1	-1	100	0
339	"Death Stab Proficiency"	160	22	30	26	3	0	0	0	0	0	0	4	0	4	336	0	0	0	0	0	3	0	0	0	0	0	0	6	45	1	0	0	0	39	0	0	0	0	0	0	0	0	0	2	1	150	-1	-1	105	0
340	"Strike of Destruction Proficiency"	100	22	30	24	5	0	0	0	0	0	0	2	0	4	337	0	0	0	0	0	3	0	0	0	0	0	0	6	46	1	0	0	0	40	0	0	0	0	1	0	2	1	0	2	1	150	-1	-1	135	0
341	"Maximum AG Increase"	0	8	0	0	0	0	0	0	0	0	0	0	-1	3	0	0	0	0	0	3	3	3	3	3	3	0	3	6	48	1	0	0	0	41	0	0	0	0	0	0	0	0	0	0	-1	-1	-1	-1	100	0
342	"Death Stab Mastery"	160	7	30	26	3	0	0	0	0	0	0	4	0	4	339	0	0	0	0	0	3	0	0	0	0	0	0	7	45	1	0	0	0	42	0	0	0	0	0	0	0	0	0	2	1	150	-1	-1	105	0
343	"Strike of Destruction Mastery"	100	22	30	24	5	0	0	0	0	0	0	2	0	4	340	0	0	0	0	0	3	0	0	0	0	0	0	7	46	1	0	0	0	43	0	0	0	0	1	0	2	1	0	2	1	150	-1	-1	135	0
344	"Blood Storm"	0	25	87	29	3	5000	0	0	0	0	0	4	0	4	0	0	0	0	0	0	3	0	3	0	0	0	0	8	49	10	0	0	0	44	0	0	0	0	1	0	2	1	0	2	1	200	-1	-1	138	0
345	"Combo Strengthener"	0	7	0	0	0	0	0	0	0	0	0	0	0	3	0	0	0	0	0	0	3	0	0	0	0	0	0	7	50	1	0	0	0	45	0	0	0	0	0	0	0	0	0	0	-1	-1	-1	-1	100	0
346	"Blood Storm Strengthener"	0	5	95	31	3	3000	0	0	0	0	0	4	0	4	344	0	0	0	0	0	3	0	3	0	0	0	0	9	49	1	0	0	0	46	0	0	1	0	1	0	2	1	0	2	1	200	-1	-1	138	0
347	"Attack Rate"	0	14	0	0	0	0	0	0	0	0	0	0	-1	3	0	0	0	0	0	3	3	3	3	3	3	0	3	1	51	1	0	0	0	47	0	0	0	0	0	0	0	0	0	0	-1	-1	-1	-1	100	0
348	"Two-handed Sword Strengthener"	0	42	0	0	0	0	0	0	0	0	0	0	0	3	0	0	0	0	0	0	3	0	3	0	0	0	0	2	52	1	0	0	0	48	0	0	1	0	0	0	0	0	0	0	-1	-1	-1	-1	100	0
349	"One-handed Sword Strengthener"	0	22	0	0	0	0	0	0	0	0	0	0	0	3	0	0	0	0	0	0	3	0	3	0	0	0	0	2	53	1	0	0	0	49	0	0	1	0	0	0	0	0	0	0	-1	-1	-1	-1	100	0
350	"Mace Strengthener"	0	3	0	0	0	0	0	0	0	0	0	0	0	3	0	0	0	0	0	0	3	0	0	0	0	0	0	2	54	1	0	0	0	50	0	0	1	0	0	0	0	0	0	0	-1	-1	-1	-1	100	0
351	"Spear Strengthener"	0	41	0	0	0	0	0	0	0	0	0	0	0	3	0	0	0	0	0	0	3	0	0	0	0	0	0	2	55	1	0	0	0	51	0	0	1	0	0	0	0	0	0	0	-1	-1	-1	-1	100	0
352	"Two-handed Sword Mastery"	0	41	0	0	0	0	0	0	0	0	0	0	0	3	0	0	0	0	0	0	3	0	3	0	0	0	0	3	56	1	0	0	0	52	0	0	0	0	0	0	0	0	0	0	-1	-1	-1	-1	100	0
353	"One-handed Sword Mastery"	0	23	0	0	0	0	0	0	0	0	0	0	0	3	0	0	0	0	0	0	3	0	3	0	0	0	0	3	57	1	0	0	0	53	0	0	0	0	0	0	0	0	0	0	-1	-1	-1	-1	100	0
354	"Mace Mastery"	0	1	0	0	0	0	0	0	0	0	0	0	0	3	0	0	0	0	0	0	3	0	0	0	0	0	0	3	58	1	0	0	0	54	0	0	0	0	0	0	0	0	0	0	-1	-1	-1	-1	100	0
355	"Spear Mastery"	0	1	0	0	0	0	0	0	0	0	0	0	0	3	0	0	0	0	0	0	3	0	0	0	0	0	0	3	59	1	0	0	0	55	0	0	0	0	0	0	0	0	0	0	-1	-1	-1	-1	100	0
356	"Swell Life Strengthener"	120	7	24	26	0	0	0	0	0	0	0	0	-1	4	48	0	0	0	0	0	3	0	0	0	0	0	0	4	60	1	0	0	0	56	1	0	0	8	2	1	0	1	0	0	-1	-1	-1	-1	100	0
357	"Mana Reduction"	0	18	0	0	0	0	0	0	0	0	0	0	-1	3	0	0	0	0	0	3	3	3	3	3	3	0	3	4	61	1	0	0	0	57	0	0	0	0	0	0	0	0	0	0	-1	-1	-1	-1	100	0
358	"Monster Attack SD Increment"	0	11	0	0	0	0	0	0	0	0	0	0	-1	3	0	0	0	0	0	3	3	3	3	3	3	0	3	4	62	1	0	0	0	58	0	0	0	0	0	0	0	0	0	0	-1	-1	-1	-1	100	0
359	"Monster Attack Life Increment"	0	6	0	0	0	0	0	0	0	0	0	0	-1	3	0	0	0	0	0	3	3	3	3	3	3	0	3	4	63	1	0	0	0	59	0	0	0	0	0	0	0	0	0	0	-1	-1	-1	-1	100	0
360	"Swell Life Proficiency"	120	7	26	28	0	0	0	0	0	0	0	0	-1	4	356	0	0	0	0	0	3	0	0	0	0	0	0	5	60	1	0	0	0	60	1	0	0	135	2	1	0	1	0	0	-1	-1	-1	-1	100	0
361	"Minimum Attack Power Increase"	0	22	0	0	0	0	0	0	0	0	0	0	0	3	0	0	0	0	0	0	3	0	3	3	0	0	3	5	64	1	0	0	0	61	0	0	1	0	0	0	0	0	0	0	-1	-1	-1	-1	100	0
362	"Monster Attack Mana Increment"	0	6	0	0	0	0	0	0	0	0	0	0	-1	3	0	0	0	0	0	3	3	3	3	3	3	0	3	5	65	1	0	0	0	62	0	0	0	0	0	0	0	0	0	0	-1	-1	-1	-1	100	0
363	"Swell Life Mastery"	120	7	28	30	0	0	0	0	0	0	0	0	-1	4	360	0	0	0	0	0	3	0	0	0	0	0	0	6	60	1	0	0	0	63	1	0	0	136	2	1	0	1	0	0	-1	-1	-1	-1	100	0
364	"Maximum Attack Power Increase"	0	3	0	0	0	0	0	0	0	0	0	0	0	3	0	0	0	0	0	0	3	0	3	3	0	0	3	6	66	1	0	0	0	64	0	0	1	0	0	0	0	0	0	0	-1	-1	-1	-1	100	0
366	"Increases critical damage rate"	0	38	0	0	0	0	0	0	0	0	0	0	-1	3	0	0	0	0	0	3	3	3	3	3	3	0	3	6	68	1	0	0	0	66	0	0	0	0	0	0	0	0	0	0	-1	-1	-1	-1	100	0
367	"Restores all Mana"	0	38	0	0	0	0	0	0	0	0	0	0	-1	3	0	0	0	0	0	3	3	3	3	3	3	0	3	7	69	1	0	0	0	67	0	0	0	0	0	0	0	0	0	0	-1	-1	-1	-1	100	0
368	"Restores all HP"	0	38	0	0	0	0	0	0	0	0	0	0	-1	3	0	0	0	0	0	3	3	3	3	3	3	0	3	7	70	1	0	0	0	68	0	0	0	0	0	0	0	0	0	0	-1	-1	-1	-1	100	0
369	"Increases excellent damage rate"	0	38	0	0	0	0	0	0	0	0	0	0	-1	3	0	0	0	0	0	3	3	3	3	3	3	0	3	7	71	1	0	0	0	69	0	0	0	0	0	0	0	0	0	0	-1	-1	-1	-1	100	0
370	"Increases double damage rate"	0	38	0	0	0	0	0	0	0	0	0	0	-1	3	0	0	0	0	0	3	3	3	3	3	3	0	3	8	72	1	0	0	0	70	0	0	0	0	0	0	0	0	0	0	-1	-1	-1	-1	100	0
371	"Increases chance of ignore Def"	0	38	0	0	0	0	0	0	0	0	0	0	-1	3	0	0	0	0	0	3	3	3	3	3	3	0	3	9	73	1	0	0	0	71	0	0	0	0	0	0	0	0	0	0	-1	-1	-1	-1	100	0
372	"Restores all SD"	0	38	0	0	0	0	0	0	0	0	0	0	-1	3	0	0	0	0	0	3	3	3	3	3	3	0	3	8	74	1	0	0	0	72	0	0	0	0	0	0	0	0	0	0	-1	-1	-1	-1	100	0
373	"Increases triple damage rate"	0	38	0	0	0	0	0	0	0	0	0	0	-1	3	0	0	0	0	0	3	3	3	3	3	3	0	0	9	75	1	0	0	0	73	0	0	0	0	0	0	0	0	0	0	-1	-1	-1	-1	100	0
374	"Eternal Wings Absorption PowUp"	0	38	0	0	0	0	0	0	0	0	0	0	-1	3	0	0	0	0	0	3	0	0	0	0	0	0	0	8	76	1	0	0	0	74	0	0	0	0	0	0	0	0	0	0	-1	-1	-1	-1	100	0
375	"Eternal Wings Defense PowUp"	0	17	0	0	0	0	0	0	0	0	0	0	-1	3	0	0	0	0	0	3	0	0	0	0	0	0	0	8	77	1	0	0	0	75	0	0	0	0	0	0	0	0	0	0	-1	-1	-1	-1	100	0
377	"Eternal Wings Attack PowUp"	0	17	0	0	0	0	0	0	0	0	0	0	-1	3	0	0	0	0	0	3	0	0	0	0	0	0	0	9	79	1	0	0	0	77	0	0	0	0	0	0	0	0	0	0	-1	-1	-1	-1	100	0
378	"Flame Strengthener"	35	17	55	0	6	0	160	0	0	0	0	1	1	4	5	0	0	0	0	3	0	0	0	0	0	0	0	2	80	1	0	0	0	78	0	0	2	0	1	0	0	0	0	0	3	100	-1	-1	120	0
379	"Lightning Strengthener"	13	40	20	0	6	0	72	0	0	0	0	4	1	4	3	0	0	0	0	3	0	0	0	0	0	0	0	2	81	1	0	0	0	79	0	0	2	0	0	0	0	0	0	0	3	40	-1	-1	180	0
380	"Expansion of Wizardry Power Up"	220	1	220	55	6	0	1058	0	0	0	0	0	1	4	233	0	0	0	0	3	0	0	0	0	0	0	0	2	82	1	0	0	0	80	1	0	2	138	2	1	0	1	0	0	-1	-1	-1	-1	100	0
381	"Inferno Strengthener"	88	4	220	0	0	0	724	0	0	0	0	1	1	4	14	0	0	0	0	3	0	0	0	0	0	0	0	3	83	1	0	0	0	81	0	0	2	0	1	1	0	1	0	0	3	90	-1	-1	110	0
382	"Blast Strengthener"	80	17	165	0	6	0	500	0	0	0	0	4	1	4	13	0	0	0	0	3	0	0	0	0	0	0	0	3	84	1	0	0	0	82	0	0	2	0	0	0	0	0	0	0	3	150	-1	-1	130	0
383	"Expansion of Wizardry Mastery"	220	1	220	55	6	0	1058	0	0	0	0	0	1	4	380	0	0	0	0	3	0	0	0	0	0	0	0	3	82	1	0	0	0	83	1	0	0	139	2	1	0	1	0	0	-1	-1	-1	-1	100	0
384	"Poison Strengthener"	30	40	46	0	6	0	140	0	0	0	0	5	1	4	1	0	0	0	0	3	0	0	0	0	0	0	0	3	85	1	0	0	0	84	0	0	2	0	0	0	0	0	0	0	3	50	-1	-1	150	0
385	"Evil Spirit Strengthener"	50	4	108	0	6	0	220	0	0	0	0	5	1	4	9	0	0	0	0	3	0	0	0	0	0	0	0	4	86	1	0	0	0	85	0	0	2	0	1	0	0	0	0	0	3	150	-1	-1	110	0
386	"Magic Mastery"	50	22	0	0	0	0	0	0	0	0	0	0	-1	3	0	0	0	0	0	3	0	0	0	0	0	0	0	4	87	1	0	0	0	86	0	0	2	0	0	0	0	0	0	0	-1	-1	-1	-1	100	0
387	"Decay Strengthener"	96	17	120	10	6	0	953	0	0	0	0	5	1	4	38	0	0	0	0	3	0	0	0	0	0	0	0	4	88	1	0	0	0	87	0	0	2	0	1	0	0	0	0	0	3	100	-1	-1	110	0
388	"Hellfire Strengthener"	60	40	176	0	0	0	260	0	0	0	0	1	1	4	10	0	0	0	0	3	0	0	0	0	0	0	0	5	89	1	0	0	0	88	0	0	2	0	1	1	0	1	0	0	3	200	-1	-1	130	0
389	"Ice Strengthener"	25	40	42	0	6	0	120	0	0	0	0	2	1	4	7	0	0	0	0	3	0	0	0	0	0	0	0	5	90	1	0	0	0	89	0	0	2	0	0	0	0	0	0	0	3	45	-1	-1	150	0
390	"Meteor Strengthener"	21	40	13	0	6	0	104	0	0	0	0	3	1	4	2	0	0	0	0	3	0	0	0	0	0	0	0	6	210	1	0	0	0	90	0	0	2	0	0	0	0	0	0	0	3	45	-1	-1	190	0
391	"Ice Storm Strengthener"	93	17	110	5	6	0	849	0	0	0	0	2	1	4	39	0	0	0	0	3	0	0	0	0	0	0	0	6	92	1	0	0	0	91	0	0	2	0	1	0	0	0	0	0	3	90	-1	-1	115	0
392	"Nova Strengthener"	100	17	198	49	6	0	1052	0	0	0	0	1	1	4	40	0	0	0	0	3	0	0	0	0	0	0	0	7	93	1	0	0	0	92	0	0	2	0	1	1	0	1	0	0	-1	-1	-1	-1	160	0
393	"Ice Storm Mastery"	93	22	110	5	6	0	849	0	0	0	0	2	1	4	391	0	0	0	0	3	0	0	0	0	0	0	0	7	92	1	0	0	0	93	0	0	0	0	1	0	0	0	0	0	3	90	-1	-1	115	0
394	"Meteor Mastery"	21	1	14	0	6	0	104	0	0	0	0	3	1	4	390	0	0	0	0	3	0	0	0	0	0	0	0	8	210	1	0	0	0	95	0	0	0	0	0	0	0	0	0	0	3	45	-1	-1	190	0
395	"Nova Cast Strengthener"	100	22	198	49	6	0	1052	0	0	0	0	1	1	4	58	0	0	0	0	3	0	0	0	0	0	0	0	7	93	1	0	0	0	92	0	0	2	0	1	1	0	1	0	0	-1	-1	-1	-1	160	0
397	"One-handed Staff Strengthener"	0	22	0	0	0	0	0	0	0	0	0	0	1	3	0	0	0	0	0	3	0	0	3	0	0	0	0	2	96	1	0	0	0	97	0	0	2	0	0	0	0	0	0	0	-1	-1	-1	-1	100	0
398	"Two-handed Staff Strengthener"	0	42	0	0	0	0	0	0	0	0	0	0	1	3	0	0	0	0	0	3	0	0	3	0	0	0	0	2	97	1	0	0	0	98	0	0	2	0	0	0	0	0	0	0	-1	-1	-1	-1	100	0
399	"Shield Strengthener"	0	10	0	0	0	0	0	0	0	0	0	0	-1	3	0	0	0	0	0	3	0	0	0	0	0	0	0	2	98	1	0	0	0	99	0	0	0	0	0	0	0	0	0	0	-1	-1	-1	-1	100	0
400	"One-handed Staff Mastery"	0	23	0	0	0	0	0	0	0	0	0	0	-1	3	0	0	0	0	0	3	0	0	3	0	0	0	0	3	99	1	0	0	0	100	0	0	0	0	0	0	0	0	0	0	-1	-1	-1	-1	100	0
401	"Two-handed Staff Mastery"	0	42	0	0	0	0	0	0	0	0	0	0	1	3	0	0	0	0	0	3	0	0	3	0	0	0	0	3	100	1	0	0	0	101	0	0	0	0	0	0	0	0	0	0	-1	-1	-1	-1	100	0
402	"Shield Mastery"	0	17	0	0	0	0	0	0	0	0	0	0	-1	3	0	0	0	0	0	3	0	0	0	0	0	0	0	3	101	1	0	0	0	102	0	0	0	0	0	0	0	0	0	0	-1	-1	-1	-1	100	0
403	"Soul Barrier Strengthener"	77	7	77	24	6	0	408	0	0	0	0	0	1	4	16	0	0	0	0	3	0	0	0	0	0	0	0	4	102	1	0	0	0	103	1	0	0	4	3	0	0	0	0	0	-1	-1	-1	-1	100	0
404	"Soul Barrier Proficiency"	77	10	84	26	6	0	408	0	0	0	0	0	1	4	403	0	0	0	0	3	0	0	0	0	0	0	0	5	102	1	0	0	0	104	1	0	0	4	3	0	0	0	0	0	-1	-1	-1	-1	100	0
405	"Minimum Wizardry Increase"	0	22	0	0	0	0	0	0	0	0	0	0	-1	3	0	0	0	0	0	3	0	0	3	0	0	0	0	5	103	1	0	0	0	105	0	0	2	0	0	0	0	0	0	0	-1	-1	-1	-1	100	0
406	"Soul Barrier Mastery"	77	7	92	28	6	0	408	0	0	0	0	0	1	4	404	0	0	0	0	3	0	0	0	0	0	0	0	6	102	1	0	0	0	106	1	0	0	140	3	0	0	0	0	0	-1	-1	-1	-1	100	0
407	"Maximum Wizardry Increase"	0	3	0	0	0	0	0	0	0	0	0	0	-1	3	0	0	0	0	0	3	0	0	3	0	0	0	0	6	104	1	0	0	0	107	0	0	2	0	0	0	0	0	0	0	-1	-1	-1	-1	100	0
409	"Illusion Wings Absorption PowUp"	0	38	0	0	0	0	0	0	0	0	0	0	-1	3	0	0	0	0	0	0	0	3	0	0	0	0	0	8	106	1	0	0	0	109	0	0	0	0	0	0	0	0	0	0	-1	-1	-1	-1	100	0
410	"Illusion Wings Defense PowUp"	0	17	0	0	0	0	0	0	0	0	0	0	-1	3	0	0	0	0	0	0	0	3	0	0	0	0	0	8	107	1	0	0	0	110	0	0	0	0	0	0	0	0	0	0	-1	-1	-1	-1	100	0
411	"Multi-Shot Strengthener"	100	22	11	7	6	0	0	0	0	0	0	4	0	4	235	0	0	0	0	0	0	3	0	0	0	0	0	6	211	1	0	0	0	111	0	0	1	0	1	0	0	0	0	5	2	100	-1	-1	105	0
412	"Illusion Wings Attack PowUp"	0	17	0	0	0	0	0	0	0	0	0	0	-1	3	0	0	0	0	0	0	0	3	0	0	0	0	0	9	109	1	0	0	0	112	0	0	0	0	0	0	0	0	0	0	-1	-1	-1	-1	100	0
413	"Heal Strengthener"	8	22	22	0	6	0	52	0	0	0	0	0	0	4	26	0	0	0	0	0	0	3	0	0	0	0	0	2	110	1	0	0	0	113	3	0	4	0	4	0	0	0	0	0	-1	-1	-1	-1	100	0
414	"Triple Shot Strengthener"	0	4	5	0	6	0	0	0	0	0	0	4	0	4	24	0	0	0	0	0	0	3	0	0	0	0	0	2	111	1	0	0	0	114	0	1	1	0	1	0	0	0	0	5	2	100	-1	-1	160	0
415	"Summoned Monster Power Up(1)"	0	16	0	0	0	0	0	0	0	0	0	0	-1	3	0	0	0	0	0	0	0	3	0	0	0	0	0	2	112	1	0	0	0	115	0	0	0	0	0	0	0	0	0	0	-1	-1	-1	-1	100	0
416	"Penetration Strengthener"	130	17	10	11	6	0	0	0	0	0	0	4	0	4	52	0	0	0	0	0	0	3	0	0	0	0	0	3	113	1	0	0	0	116	0	0	1	0	1	0	2	0	0	5	2	200	-1	-1	130	0
417	"Defense Increase Strengthener"	13	22	33	0	6	0	72	0	0	0	0	0	-1	4	27	0	0	0	0	0	0	3	0	0	0	0	0	3	114	1	0	0	0	117	1	0	4	2	4	0	0	0	0	0	-1	-1	-1	-1	100	0
418	"Triple Shot Mastery"	0	0	9	0	6	0	0	0	0	0	0	4	0	4	414	0	0	0	0	0	0	3	0	0	0	0	0	3	111	10	0	0	0	118	0	1	0	0	1	0	0	0	0	5	2	100	-1	-1	160	0
419	"Summoned Monster Power Up(2)"	0	16	0	0	0	0	0	0	0	0	0	0	-1	3	0	0	0	0	0	0	0	3	0	0	0	0	0	3	115	1	0	0	0	119	0	0	0	0	0	0	0	0	0	0	-1	-1	-1	-1	100	0
420	"Attack Increase Strengthener"	18	22	44	0	6	0	92	0	0	0	0	0	-1	4	28	0	0	0	0	0	0	3	0	0	0	0	0	4	116	1	0	0	0	120	1	0	4	1	4	0	0	0	0	0	-1	-1	-1	-1	100	0
421	"Weapon Mastery"	0	22	0	0	0	0	0	0	0	0	0	0	-1	3	0	0	0	0	0	0	0	3	0	0	0	0	0	4	117	1	0	0	0	121	0	0	1	0	0	0	0	0	0	0	-1	-1	-1	-1	100	0
422	"Attack Increase Mastery"	18	22	48	0	6	0	92	0	0	0	0	0	-1	4	420	0	0	0	0	0	0	3	0	0	0	0	0	5	116	1	0	0	0	122	1	0	4	1	4	0	0	0	0	0	-1	-1	-1	-1	100	0
423	"Defense Increase Mastery"	13	22	36	0	6	0	72	0	0	0	0	0	-1	4	417	0	0	0	0	0	0	3	0	0	0	0	0	5	114	1	0	0	0	123	1	0	4	2	4	0	0	0	0	0	-1	-1	-1	-1	100	0
424	"Ice Arrow Strengthener"	0	22	15	18	8	0	0	0	646	0	0	2	0	4	51	0	0	0	0	0	0	3	0	0	0	0	0	5	118	1	0	0	0	124	0	0	1	0	0	0	0	0	0	5	2	150	-1	-1	115	0
425	"Cure"	0	0	72	10	6	3000	0	0	0	0	0	0	-1	4	0	0	0	0	0	0	0	3	0	0	0	0	0	6	119	10	0	0	0	125	3	0	0	0	4	0	0	0	0	0	-1	-1	-1	-1	100	0
426	"Party Healing"	0	0	66	12	6	5000	20	0	0	0	0	0	-1	4	0	0	0	0	0	0	0	3	0	0	0	0	0	7	120	10	0	0	0	126	3	0	4	0	4	0	0	0	0	0	-1	-1	-1	-1	100	0
427	"Poison Arrow"	0	27	50	50	6	1000	0	0	0	0	0	5	0	4	0	0	0	0	0	0	0	3	0	0	0	0	0	8	121	10	0	0	0	127	0	0	0	0	0	0	0	0	0	5	2	100	-1	-1	165	0
428	"Summoned Monster Power Up(3)"	0	16	0	0	0	0	0	0	0	0	0	0	-1	3	0	0	0	0	0	0	0	3	0	0	0	0	0	7	122	1	0	0	0	128	0	0	0	0	0	0	0	0	0	0	-1	-1	-1	-1	100	0
429	"Party Healing Strengthener"	0	22	72	13	6	3000	20	0	0	0	0	0	-1	4	426	0	0	0	0	0	0	3	0	0	0	0	0	8	120	1	0	0	0	129	3	0	4	0	4	0	0	0	0	0	-1	-1	-1	-1	100	0
430	"Bless"	0	0	108	18	6	3000	20	0	0	0	0	0	-1	4	0	0	0	0	0	0	0	3	0	0	0	0	0	8	123	10	0	0	300	130	1	0	4	142	4	0	0	0	0	0	-1	-1	-1	-1	100	0
431	"Multi-Shot Mastery"	100	1	12	8	6	0	0	0	0	0	0	4	0	4	411	0	0	0	0	0	0	3	0	0	0	0	0	7	211	1	0	0	0	243	0	0	0	0	1	0	0	0	0	5	2	100	-1	-1	105	0
432	"Summon Satyros"	0	0	525	52	0	0	300	0	0	0	0	0	-1	4	0	0	0	0	0	0	0	3	0	0	0	0	0	8	125	10	0	0	0	132	4	0	0	0	1	1	0	1	0	0	-1	-1	-1	-1	100	0
433	"Bless Strengthener"	0	10	118	20	6	3000	20	0	0	0	0	0	-1	4	430	0	0	0	0	0	0	3	0	0	0	0	0	9	123	1	0	0	300	133	1	0	4	142	4	0	0	0	0	0	-1	-1	-1	-1	100	0
434	"Poison Arrow Strengthener"	0	40	50	50	6	500	0	0	0	0	0	5	0	4	427	0	0	0	0	0	0	3	0	0	0	0	0	9	121	1	0	0	0	131	0	0	1	0	0	0	0	0	0	5	2	100	-1	-1	165	0
435	"Bow Strengthener"	0	3	0	0	0	0	0	0	0	0	0	0	-1	3	0	0	0	0	0	0	0	3	0	0	0	0	0	2	126	1	0	0	0	135	0	0	1	0	0	0	0	0	0	0	-1	-1	-1	-1	100	0
436	"Crossbow Strengthener"	0	4	0	0	0	0	0	0	0	0	0	0	-1	3	0	0	0	0	0	0	0	3	0	0	0	0	0	2	127	1	0	0	0	136	0	0	1	0	0	0	0	0	0	0	-1	-1	-1	-1	100	0
437	"Shield Strengthener"	0	10	0	0	0	0	0	0	0	0	0	0	-1	3	0	0	0	0	0	0	0	3	0	0	0	0	0	2	128	1	0	0	0	137	0	0	0	0	0	0	0	0	0	0	-1	-1	-1	-1	100	0
438	"Bow Mastery"	0	23	0	0	0	0	0	0	0	0	0	0	-1	3	0	0	0	0	0	0	0	3	0	0	0	0	0	3	129	1	0	0	0	138	0	0	0	0	0	0	0	0	0	0	-1	-1	-1	-1	100	0
439	"Crossbow Mastery"	0	5	0	0	0	0	0	0	0	0	0	0	-1	3	0	0	0	0	0	0	0	3	0	0	0	0	0	3	130	1	0	0	0	139	0	0	0	0	0	0	0	0	0	0	-1	-1	-1	-1	100	0
440	"Shield Mastery"	0	15	0	0	0	0	0	0	0	0	0	0	-1	3	0	0	0	0	0	0	0	3	0	0	0	0	0	3	131	1	0	0	0	140	0	0	0	0	0	0	0	0	0	0	-1	-1	-1	-1	100	0
441	"Infinity Arrow Strengthener"	220	1	55	11	6	0	0	0	0	0	0	0	-1	4	77	0	0	0	0	0	0	3	0	0	0	0	0	5	132	1	0	0	0	141	1	0	0	143	2	1	0	1	0	0	-1	-1	-1	-1	100	0
442	"Minimum Attack Power Increase"	0	22	0	0	0	0	0	0	0	0	0	0	0	3	0	0	0	0	0	0	0	3	0	0	0	0	0	5	133	1	0	0	0	61	0	0	1	0	0	0	0	0	0	0	-1	-1	-1	-1	100	0
443	"Maximum Attack Power Increase"	0	3	0	0	0	0	0	0	0	0	0	0	0	3	0	0	0	0	0	0	0	3	0	0	0	0	0	6	134	1	0	0	0	143	0	0	1	0	0	0	0	0	0	0	-1	-1	-1	-1	100	0
445	"DimensionWings Absorb PowUp"	0	38	0	0	0	0	0	0	0	0	0	0	-1	3	0	0	0	0	0	0	0	0	0	0	3	0	0	8	136	1	0	0	0	145	0	0	0	0	0	0	0	0	0	0	-1	-1	-1	-1	100	0
446	"DimensionWings Defense PowUp"	0	17	0	0	0	0	0	0	0	0	0	0	-1	3	0	0	0	0	0	0	0	0	0	0	3	0	0	8	137	1	0	0	0	146	0	0	0	0	0	0	0	0	0	0	-1	-1	-1	-1	100	0
447	"DimensionWings Attack PowUp"	0	17	0	0	0	0	0	0	0	0	0	0	-1	3	0	0	0	0	0	0	0	0	0	0	3	0	0	9	138	1	0	0	0	147	0	0	0	0	0	0	0	0	0	0	-1	-1	-1	-1	100	0
448	"Fire Tome Strengthener"	0	3	0	0	0	0	0	0	0	0	0	0	1	3	0	0	0	0	0	0	0	0	0	0	3	0	0	2	139	1	0	0	0	148	0	0	3	0	0	0	0	0	0	0	-1	-1	-1	-1	100	0
449	"Earth Tome Strengthener"	0	3	0	0	0	0	0	0	0	0	0	0	1	3	0	0	0	0	0	0	0	0	0	0	3	0	0	2	140	1	0	0	0	149	0	0	3	0	0	0	0	0	0	0	-1	-1	-1	-1	100	0
450	"Wind Tome Strengthener"	0	3	0	0	0	0	0	0	0	0	0	0	1	3	0	0	0	0	0	0	0	0	0	0	3	0	0	2	141	1	0	0	0	150	0	0	3	0	0	0	0	0	0	0	-1	-1	-1	-1	100	0
451	"Fire Tome Mastery"	0	7	0	0	0	0	0	0	0	0	0	0	1	3	0	0	0	0	0	0	0	0	0	0	3	0	0	3	139	1	0	0	0	151	0	0	0	0	0	0	0	0	0	0	-1	-1	-1	-1	100	0
452	"Earth Tome Mastery"	0	1	0	0	0	0	0	0	0	0	0	0	-1	3	0	0	0	0	0	0	0	0	0	0	3	0	0	3	140	1	0	0	3	152	0	0	0	0	0	0	0	0	0	0	-1	-1	-1	-1	100	0
453	"Wind Tome Mastery"	0	7	0	0	0	0	0	0	0	0	0	0	1	3	0	0	0	0	0	0	0	0	0	0	3	0	0	3	141	1	0	0	0	153	0	0	0	0	0	0	0	0	0	0	-1	-1	-1	-1	100	0
454	"Sleep Strengthener"	40	1	30	7	6	0	180	0	0	0	0	0	1	4	219	0	0	0	0	0	0	0	0	0	3	0	0	3	142	1	0	0	0	154	2	0	0	0	0	0	0	0	0	0	-1	-1	-1	-1	100	0
455	"Chain Lightning Strengthener"	75	22	103	0	6	0	245	0	0	0	0	4	1	4	215	0	0	0	0	0	0	0	0	0	3	0	0	4	143	1	0	0	0	155	0	0	2	0	0	0	0	0	0	0	3	200	-1	-1	105	0
456	"Lightning Shock Strengthener"	93	22	125	10	6	0	823	0	0	0	0	4	1	4	230	0	0	0	0	0	0	0	0	0	3	0	0	4	144	1	0	0	0	156	0	0	2	0	1	0	2	0	0	0	3	200	-1	-1	105	0
457	"Magic Mastery"	0	22	0	0	0	0	0	0	0	0	0	0	1	3	0	0	0	0	0	0	0	0	0	0	3	0	0	5	145	1	0	0	0	157	0	0	0	0	0	0	0	0	0	0	-1	-1	-1	-1	100	0
458	"Drain Life Strengthener"	35	22	57	0	6	0	150	0	0	0	0	5	1	4	214	0	0	0	0	0	0	0	0	0	3	0	0	5	146	1	0	0	0	158	0	0	2	0	0	0	0	0	0	0	-1	-1	-1	-1	100	0
459	"Weakness Strengthener"	93	3	55	17	6	4000	663	0	0	0	0	0	1	4	221	0	0	0	0	0	0	0	0	0	3	0	0	7	147	1	0	0	0	159	2	0	0	0	1	0	2	0	0	0	-1	-1	-1	-1	100	0
460	"Innovation Strengthener"	111	3	77	17	6	4000	912	0	0	0	0	0	1	4	222	0	0	0	0	0	0	0	0	0	3	0	0	6	148	1	0	0	0	160	2	0	0	0	1	0	2	0	0	0	-1	-1	-1	-1	100	0
461	"Blind"	0	0	115	25	3	5000	20	0	0	0	0	0	1	4	0	0	0	0	0	0	0	0	0	0	3	0	0	8	149	10	0	0	7	161	2	0	0	0	0	0	0	0	0	0	-1	-1	-1	-1	100	0
462	"Drain Life Mastery"	35	9	62	0	6	0	150	0	0	0	0	5	1	4	458	0	0	0	0	0	0	0	0	0	3	0	0	7	146	1	0	0	0	162	0	0	2	0	0	0	0	0	0	0	-1	-1	-1	-1	100	0
463	"Blind Strengthener"	0	1	126	27	3	5000	20	0	0	0	0	0	1	4	461	0	0	0	0	0	0	0	0	0	3	0	0	9	149	1	0	0	7	163	2	0	0	0	1	0	0	0	0	0	-1	-1	-1	-1	100	0
465	"Stick Strengthener"	0	22	0	0	0	0	0	0	0	0	0	0	1	3	0	0	0	0	0	0	0	0	0	0	3	0	0	2	150	1	0	0	0	165	0	0	2	0	0	0	0	0	0	0	-1	-1	-1	-1	100	0
466	"Other World Tome Strengthener"	0	4	0	0	0	0	0	0	0	0	0	0	1	3	0	0	0	0	0	0	0	0	0	0	3	0	0	2	151	1	0	0	0	166	0	0	3	0	0	0	0	0	0	0	-1	-1	-1	-1	100	0
467	"Stick Mastery"	0	5	0	0	0	0	0	0	0	0	0	0	1	3	0	0	0	0	0	0	0	0	0	0	3	0	0	3	152	1	0	0	0	167	0	0	0	0	0	0	0	0	0	0	-1	-1	-1	-1	100	0
468	"Other World Tome Mastery"	0	23	0	0	0	0	0	0	0	0	0	0	-1	3	0	0	0	0	0	0	0	0	0	0	3	0	0	3	153	1	0	0	0	168	0	0	0	0	0	0	0	0	0	0	-1	-1	-1	-1	100	0
469	"Berserker Strengthener"	83	7	150	75	5	5000	620	0	0	0	0	0	1	4	218	0	0	0	0	0	0	0	0	0	3	0	0	4	154	1	0	0	0	169	1	0	0	150	2	1	0	1	0	0	-1	-1	-1	-1	100	0
470	"Berserker Proficiency"	83	7	165	82	5	5000	620	0	0	0	0	0	1	4	469	0	0	0	0	0	0	0	0	0	3	0	0	5	154	1	0	0	0	170	1	0	0	151	2	1	0	1	0	0	-1	-1	-1	-1	100	0
471	"Minimum Wizardry/Curse Increase"	0	22	0	0	0	0	0	0	0	0	0	0	-1	3	0	0	0	0	0	0	0	0	0	0	3	0	0	5	155	1	0	0	0	171	0	0	0	0	0	0	0	0	0	0	-1	-1	-1	-1	100	0
472	"Berserker Mastery"	83	10	181	90	5	5000	620	0	0	0	0	0	1	4	470	0	0	0	0	0	0	0	0	0	3	0	0	6	154	1	0	0	0	172	1	0	0	152	2	1	0	1	0	0	-1	-1	-1	-1	100	0
473	"Maximum Wizardry/Curse Increase"	0	3	0	0	0	0	0	0	0	0	0	0	-1	3	0	0	0	0	0	0	0	0	0	0	3	0	0	6	156	1	0	0	0	173	0	0	0	0	0	0	0	0	0	0	-1	-1	-1	-1	100	0
475	"Wing of Ruin Absorption PowUp"	0	38	0	0	0	0	0	0	0	0	0	0	-1	3	0	0	0	0	0	0	0	0	3	0	0	0	0	8	158	1	0	0	0	175	0	0	0	0	0	0	0	0	0	0	-1	-1	-1	-1	100	0
476	"Wing of Ruin Defense PowUp"	0	17	0	0	0	0	0	0	0	0	0	0	-1	3	0	0	0	0	0	0	0	0	3	0	0	0	0	8	159	1	0	0	0	176	0	0	0	0	0	0	0	0	0	0	-1	-1	-1	-1	100	0
478	"Wing of Ruin Attack PowUp"	0	17	0	0	0	0	0	0	0	0	0	0	-1	3	0	0	0	0	0	0	0	0	3	0	0	0	0	9	161	1	0	0	0	178	0	0	0	0	0	0	0	0	0	0	-1	-1	-1	-1	100	0
479	"Cyclone Strengthener"	0	4	9	0	2	0	0	0	0	0	0	4	0	4	22	0	0	0	0	0	0	0	3	0	0	0	0	2	162	1	0	0	0	179	0	1	1	0	0	0	0	0	0	0	1	30	-1	-1	165	0
480	"Lightning Strengthener"	13	40	20	0	6	0	72	0	0	0	0	4	1	4	3	0	0	0	0	0	0	0	3	0	0	0	0	2	163	1	0	0	0	180	0	0	2	0	0	0	0	0	0	0	3	40	-1	-1	180	0
481	"Twisting Slash Strengthener"	0	40	10	10	2	0	0	0	0	0	0	4	0	4	41	0	0	0	0	0	0	0	3	0	0	0	0	2	164	1	0	0	0	181	0	0	1	0	1	1	0	1	0	2	1	40	-1	-1	150	0
482	"Power Slash Strengthener"	0	17	15	0	5	0	0	0	0	0	0	4	-1	4	56	0	0	0	0	0	0	0	3	0	0	0	0	2	165	1	0	0	0	182	0	1	1	0	1	0	2	0	2	2	1	100	-1	-1	125	0
483	"Flame Strengthener"	35	17	55	0	6	0	160	0	0	0	0	1	1	4	5	0	0	0	0	0	0	0	3	0	0	0	0	3	166	1	0	0	0	183	0	0	2	0	1	0	0	0	0	0	3	100	-1	-1	120	0
484	"Blast Strengthener"	80	17	165	0	6	0	500	0	0	0	0	4	1	4	13	0	0	0	0	0	0	0	3	0	0	0	0	3	167	1	0	0	0	184	0	0	2	0	0	0	0	0	0	0	3	150	-1	-1	130	0
485	"Weapon Mastery"	0	22	0	0	0	0	0	0	0	0	0	0	-1	3	0	0	0	0	0	0	0	0	3	0	0	0	0	3	168	1	0	0	0	185	0	0	1	0	0	0	0	0	0	0	-1	-1	-1	-1	100	0
486	"Inferno Strengthener"	88	4	220	0	0	0	724	0	0	0	0	1	1	4	14	0	0	0	0	0	0	0	3	0	0	0	0	4	169	1	0	0	0	186	0	0	2	0	1	1	0	1	0	0	3	90	-1	-1	110	0
487	"Evil Spirit Strengthener"	50	4	108	0	6	0	220	0	0	0	0	5	1	4	9	0	0	0	0	0	0	0	3	0	0	0	0	4	170	1	0	0	0	187	0	0	2	0	1	0	0	0	0	0	3	150	-1	-1	110	0
488	"Magic Mastery"	0	22	0	0	0	0	0	0	0	0	0	0	-1	3	0	0	0	0	0	0	0	0	3	0	0	0	0	4	171	1	0	0	0	188	0	0	2	0	0	0	0	0	0	0	-1	-1	-1	-1	100	0
489	"Ice Strengthener"	25	40	42	0	6	0	120	0	0	0	0	2	1	4	7	0	0	0	0	0	0	0	3	0	0	0	0	5	172	1	0	0	0	189	0	0	2	0	0	0	0	0	0	0	3	45	-1	-1	150	0
490	"Fire Slash Strengthener"	0	3	15	22	3	0	0	596	0	0	0	5	-1	4	55	0	0	0	0	0	0	0	3	0	0	0	0	5	173	1	0	0	0	190	0	0	1	0	1	0	2	0	0	2	1	150	-1	-1	105	0
491	"Ice Mastery"	25	1	46	0	6	0	120	0	0	0	0	2	1	4	489	0	0	0	0	0	0	0	3	0	0	0	0	6	172	1	0	0	0	246	0	0	0	0	0	0	0	0	0	0	3	45	-1	-1	150	0
492	"Flame Strike Strengthener"	0	4	30	37	3	0	0	0	0	0	0	1	1	4	236	0	0	0	0	0	0	0	3	0	0	0	0	6	175	1	0	0	0	192	0	0	1	0	1	0	2	0	0	2	1	200	-1	-1	135	0
493	"Fire Slash Mastery"	0	7	17	24	3	0	0	596	0	0	0	5	-1	4	490	0	0	0	0	0	0	0	3	0	0	0	0	7	173	1	0	0	0	193	0	0	0	0	1	0	2	0	0	0	1	150	-1	-1	105	0
494	"Flame Strike Mastery"	0	7	33	40	3	0	0	0	0	0	0	1	1	4	492	0	0	0	0	0	0	0	3	0	0	0	0	7	175	1	0	0	0	194	0	0	0	0	1	0	2	0	0	2	1	200	-1	-1	135	0
495	"Earth Prison"	0	26	180	15	0	5000	20	0	0	0	0	3	1	4	0	0	0	0	0	3	0	0	3	0	0	0	0	8	178	10	0	0	0	197	0	0	2	0	1	1	0	1	0	0	3	200	-1	-1	135	0
496	"Gigantic Storm Strengthener"	220	3	132	11	6	0	1058	0	0	0	0	4	1	4	237	0	0	0	0	0	0	0	3	0	0	0	0	7	180	1	0	0	0	199	0	0	2	0	1	0	2	0	0	0	3	250	-1	-1	115	0
497	"Earth Prison Strengthener"	0	4	198	17	0	3000	20	0	0	0	0	3	1	4	495	0	0	0	0	3	0	0	3	0	0	0	0	9	178	1	0	0	0	201	0	0	2	0	1	1	0	1	0	0	1	200	-1	-1	135	0
504	"Emperor Cape Absorption PowUp"	0	38	0	0	0	0	0	0	0	0	0	0	-1	3	0	0	0	0	0	0	0	0	0	3	0	0	0	8	182	1	0	0	0	204	0	0	0	0	0	0	0	0	0	0	-1	-1	-1	-1	100	0
505	"Emperor Cape Defense PowUp"	0	17	0	0	0	0	0	0	0	0	0	0	-1	3	0	0	0	0	0	0	0	0	0	3	0	0	0	8	183	1	0	0	0	205	0	0	0	0	0	0	0	0	0	0	-1	-1	-1	-1	100	0
506	"Adds Command Stat"	0	40	0	0	0	0	0	0	0	0	0	0	-1	3	0	0	0	0	0	0	0	0	0	3	0	0	0	6	184	1	0	0	0	206	0	0	0	0	0	0	0	0	0	0	-1	-1	-1	-1	100	0
507	"Emperor Cape Attack PowUp"	0	17	0	0	0	0	0	0	0	0	0	0	-1	3	0	0	0	0	0	0	0	0	0	3	0	0	0	9	185	1	0	0	0	207	0	0	0	0	0	0	0	0	0	0	-1	-1	-1	-1	100	0
508	"Fire Burst Strengthener"	74	4	25	0	6	0	79	0	0	0	0	1	1	4	61	0	0	0	0	0	0	0	0	3	0	0	0	2	186	1	0	0	0	208	0	0	1	0	0	0	0	0	0	0	1	100	-1	-1	135	0
509	"Force Wave Strengthener"	0	40	15	0	4	0	0	0	0	0	0	4	1	4	60	0	0	0	0	0	0	0	0	3	0	0	0	2	187	1	0	0	0	209	0	0	1	0	0	0	0	0	0	0	1	40	-1	-1	160	0
510	"Dark Horse Strengthener (1)"	0	17	0	0	0	0	0	0	0	0	0	0	-1	3	0	0	0	0	0	0	0	0	0	3	0	0	0	2	188	1	0	0	0	210	0	0	0	0	0	0	0	0	0	0	-1	-1	-1	-1	100	0
511	"Critical DMG Increase PowUp"	82	3	75	75	0	0	102	0	0	300	0	0	-1	4	64	0	0	0	0	0	0	0	0	3	0	0	0	3	189	1	0	0	0	211	1	0	0	5	2	1	0	1	0	0	-1	-1	-1	-1	100	0
512	"Earthshake Strengthener"	0	4	0	75	10	10000	0	0	0	0	0	3	0	4	62	0	0	0	0	0	0	0	0	3	0	0	0	3	190	1	0	0	0	212	0	0	1	0	1	1	0	1	0	0	-1	-1	-1	-1	100	0
513	"Weapon Mastery"	0	22	0	0	0	0	0	0	0	0	0	0	-1	3	0	0	0	0	0	0	0	0	0	3	0	0	0	3	191	1	0	0	0	213	0	0	1	0	0	0	0	0	0	0	-1	-1	-1	-1	100	0
514	"Fire Burst Mastery"	74	1	27	0	6	0	79	0	0	0	0	1	1	4	508	0	0	0	0	0	0	0	0	3	0	0	0	4	186	1	0	0	0	214	0	0	0	0	0	0	0	0	0	0	1	100	-1	-1	135	0
515	"Critical DMG Increase PowUp (2)"	82	10	82	82	0	0	102	0	0	300	0	0	-1	4	511	0	0	0	0	0	0	0	0	3	0	0	0	4	189	1	0	0	0	215	1	0	0	5	2	1	0	1	0	0	-1	-1	-1	-1	100	0
516	"Earthshake Mastery"	0	1	0	75	10	10000	0	0	0	0	0	3	0	4	512	0	0	0	0	0	0	0	0	3	0	0	0	4	190	1	0	0	0	216	0	0	0	0	1	1	0	1	0	0	-1	-1	-1	-1	100	0
517	"Critical DMG Increase PowUp (3)"	82	7	100	100	0	0	102	0	0	300	0	0	-1	4	515	0	0	0	0	0	0	0	0	3	0	0	0	5	189	1	0	0	0	217	1	0	0	148	2	1	0	1	0	0	-1	-1	-1	-1	100	0
518	"Fire Scream Strengthener"	102	22	45	11	6	0	150	0	0	70	0	1	1	4	78	0	0	0	0	0	0	0	0	3	0	0	0	5	192	1	0	0	0	218	0	0	1	0	0	0	2	0	0	0	1	150	-1	-1	115	0
519	"Electric Spark Strengthener"	92	3	0	150	10	5000	126	0	0	340	0	4	1	4	65	0	0	0	0	0	0	0	0	3	0	0	0	6	193	1	0	0	0	219	0	0	1	0	1	1	0	1	0	0	1	100	-1	-1	100	0
520	"Fire Scream Mastery"	102	5	49	12	6	0	150	0	0	70	0	1	1	4	518	0	0	0	0	0	0	0	0	3	0	0	0	6	192	1	0	0	0	220	0	0	0	0	0	0	2	0	0	0	1	150	-1	-1	115	0
522	"Critical DMG Increase Mastery"	82	1	110	110	0	0	102	0	0	300	0	0	-1	4	517	0	0	0	0	0	0	0	0	3	0	0	0	7	189	1	0	0	0	222	1	0	0	149	2	1	0	1	0	0	-1	-1	-1	-1	100	0
523	"Chaotic Diseier Strengthener"	100	22	75	22	6	0	84	0	0	0	0	5	1	4	238	0	0	0	0	0	0	0	0	3	0	0	0	7	194	1	0	0	0	223	0	0	1	0	1	0	2	0	0	0	1	150	-1	-1	105	0
526	"Dark Spirit Strengthener"	0	3	0	0	0	0	0	0	0	0	0	0	-1	3	0	0	0	0	0	0	0	0	0	3	0	0	0	2	196	1	0	0	0	226	0	0	0	0	0	0	0	0	0	0	-1	-1	-1	-1	100	0
527	"Scepter Strengthener"	0	22	0	0	0	0	0	0	0	0	0	0	0	3	0	0	0	0	0	0	0	0	0	3	0	0	0	2	197	1	0	0	0	227	0	0	1	0	0	0	0	0	0	0	-1	-1	-1	-1	100	0
528	"Shield Strengthener"	0	10	0	0	0	0	0	0	0	0	0	0	-1	3	0	0	0	0	0	0	0	0	0	3	0	0	0	2	198	1	0	0	0	228	0	0	0	0	0	0	0	0	0	0	-1	-1	-1	-1	100	0
529	"Use Scepter : Pet Strengthener"	0	3	0	0	0	0	0	0	0	0	0	0	-1	3	0	0	0	0	0	0	0	0	0	3	0	0	0	2	199	1	0	0	0	229	0	0	0	0	0	0	0	0	0	0	-1	-1	-1	-1	100	0
530	"Dark Spirit Strengthener (2)"	0	7	0	0	0	0	0	0	0	0	0	0	-1	3	0	0	0	0	0	0	0	0	0	3	0	0	0	3	200	1	0	0	0	230	0	0	0	0	0	0	0	0	0	0	-1	-1	-1	-1	100	0
531	"Scepter Mastery"	0	5	0	0	0	0	0	0	0	0	0	0	-1	3	0	0	0	0	0	0	0	0	0	3	0	0	0	3	201	1	0	0	0	231	0	0	0	0	0	0	0	0	0	0	-1	-1	-1	-1	100	0
532	"Shield Mastery"	0	17	0	0	0	0	0	0	0	0	0	0	-1	3	0	0	0	0	0	0	0	0	0	3	0	0	0	3	202	1	0	0	0	232	0	0	0	0	0	0	0	0	0	0	-1	-1	-1	-1	100	0
533	"Command Attack Increase"	0	20	0	0	0	0	0	0	0	0	0	0	-1	3	0	0	0	0	0	0	0	0	0	3	0	0	0	3	203	1	0	0	0	233	0	0	0	0	0	0	0	0	0	0	-1	-1	-1	-1	100	0
534	"Dark Spirit Strengthener (3)"	0	1	0	0	0	0	0	0	0	0	0	0	-1	3	0	0	0	0	0	0	0	0	0	3	0	0	0	4	204	1	0	0	0	234	0	0	0	0	0	0	0	0	0	0	-1	-1	-1	-1	100	0
535	"Pet Durability Strengthener"	0	17	0	0	0	0	0	0	0	0	0	0	-1	3	0	0	0	0	0	0	0	0	0	3	0	0	0	5	205	1	0	0	0	235	0	0	0	0	0	0	0	0	0	0	-1	-1	-1	-1	100	0
536	"Dark Spirit Strengthener (4)"	0	23	0	0	0	0	0	0	0	0	0	0	-1	3	0	0	0	0	0	0	0	0	0	3	0	0	0	6	206	1	0	0	0	236	0	0	0	0	0	0	0	0	0	0	-1	-1	-1	-1	100	0
538	"Dark Spirit Strengthener (5)"	0	1	0	0	0	0	0	0	0	0	0	0	-1	3	0	0	0	0	0	0	0	0	0	3	0	0	0	5	208	1	0	0	0	238	0	0	0	0	0	0	0	0	0	0	-1	-1	-1	-1	100	0
539	"Spirit Lord"	0	38	0	0	0	0	0	0	0	0	0	0	-1	3	0	0	0	0	0	0	0	0	0	3	0	0	0	6	209	1	0	0	0	239	0	0	0	0	0	0	0	0	0	0	-1	-1	-1	-1	100	0
548	"Reigning Cloak Absorption PowUp"	0	38	0	0	0	0	0	0	0	0	0	0	-1	3	0	0	0	0	0	0	0	0	0	0	0	3	0	8	212	1	0	0	0	248	0	0	0	0	0	0	0	0	0	0	-1	-1	-1	-1	100	0
549	"Reigning Cloak Defense PowUp"	0	17	0	0	0	0	0	0	0	0	0	0	-1	3	0	0	0	0	0	0	0	0	0	0	0	3	0	8	213	1	0	0	0	249	0	0	0	0	0	0	0	0	0	0	-1	-1	-1	-1	100	0
550	"Reigning Cloak Attack PowUp"	0	17	0	0	0	0	0	0	0	0	0	0	-1	3	0	0	0	0	0	0	0	0	0	0	0	3	0	9	214	1	0	0	0	250	0	0	0	0	0	0	0	0	0	0	-1	-1	-1	-1	100	0
551	"Killing Blow Strengthener"	0	22	10	0	2	0	0	0	0	0	0	3	1	4	260	0	0	0	0	0	0	0	0	0	0	3	0	2	215	1	0	0	0	251	0	1	1	0	0	0	1	0	2	0	4	100	-1	-1	155	0
552	"Beast Uppercut Strengthener"	0	22	10	0	2	0	0	0	0	0	0	1	1	4	261	0	0	0	0	0	0	0	0	0	0	3	0	2	216	1	0	0	0	252	0	1	1	0	0	0	1	0	2	0	4	100	-1	-1	155	0
554	"Killing Blow Mastery"	0	1	10	0	2	0	0	0	0	0	0	3	1	4	551	0	0	0	0	0	0	0	0	0	0	3	0	3	215	1	0	0	0	254	0	1	0	0	0	0	1	0	0	0	4	100	-1	-1	155	0
555	"Beast Uppercut Mastery"	0	1	10	0	2	0	0	0	0	0	0	1	1	4	552	0	0	0	0	0	0	0	0	0	0	3	0	3	216	1	0	0	0	255	0	1	0	0	0	0	1	0	2	0	4	100	-1	-1	155	0
556	"Def Success Rate Strengthener"	0	5	0	0	0	0	0	0	0	0	0	0	-1	3	0	0	0	0	0	0	0	0	0	0	0	3	0	4	217	1	0	0	0	13	0	0	0	0	0	0	0	0	0	0	-1	-1	-1	-1	100	0
557	"Weapon Mastery"	0	22	0	0	0	0	0	0	0	0	0	0	-1	3	0	0	0	0	0	0	0	0	0	0	0	3	0	4	218	1	0	0	0	35	0	0	0	0	0	0	0	0	0	0	-1	-1	-1	-1	100	0
558	"Chain Drive Strengthener"	150	22	22	22	4	700	0	0	0	0	0	2	1	4	262	0	0	0	0	0	0	0	0	0	0	3	0	5	219	1	0	0	0	258	0	0	1	0	0	0	1	0	2	7	-1	-1	-1	-1	105	0
559	"Dark Side Strengthener"	180	22	84	0	5	0	0	0	0	0	0	3	1	4	263	0	0	0	0	0	0	0	0	0	0	3	0	5	220	1	0	0	0	259	0	0	1	0	1	0	0	0	0	0	-1	-1	-1	-1	115	0
560	"Dragon Roar Strengthener"	150	22	60	33	3	700	0	0	0	0	0	3	1	4	264	0	0	0	0	0	0	0	0	0	0	3	0	5	221	1	0	0	0	260	0	0	1	0	0	0	1	0	0	7	-1	-1	-1	-1	100	0
561	"Dragon Roar Mastery"	150	1	66	36	3	700	0	0	0	0	0	3	1	4	560	0	0	0	0	0	0	0	0	0	0	3	0	6	221	1	0	0	0	261	0	0	1	0	0	0	1	0	0	7	-1	-1	-1	-1	100	0
562	"Chain Drive Mastery"	150	1	24	22	4	700	0	0	0	0	0	2	1	4	558	0	0	0	0	0	0	0	0	0	0	3	0	7	219	1	0	0	0	262	0	0	1	0	0	0	1	0	2	7	-1	-1	-1	-1	105	0
563	"Dark Side Mastery"	180	0	92	0	6	0	0	0	0	0	0	3	1	4	559	0	0	0	0	0	0	0	0	0	0	3	0	7	220	10	0	0	0	263	0	0	1	0	1	0	0	0	0	0	-1	-1	-1	-1	115	0
564	"Dragon Slasher Strengthener"	200	22	110	110	4	3000	0	0	0	0	0	4	1	4	265	0	0	0	0	0	0	0	0	0	0	3	0	7	222	1	0	0	0	264	0	0	0	0	0	0	1	0	2	7	-1	-1	-1	-1	100	0
565	"Blood Howling"	0	0	100	200	0	120000	0	0	0	0	0	0	1	4	0	0	0	0	0	0	0	0	0	0	0	3	0	8	223	10	0	0	60	265	1	0	0	0	2	1	0	1	0	0	-1	-1	-1	-1	100	0
566	"Dragon Slasher Mastery"	200	38	121	121	4	3000	0	0	0	0	0	4	1	4	564	0	0	0	0	0	0	0	0	0	0	3	0	8	222	1	0	0	0	266	0	0	0	0	0	0	1	0	2	7	-1	-1	-1	-1	100	0
567	"Blood Howling Strengthener"	0	38	110	220	0	120000	0	0	0	0	0	0	1	4	565	0	0	0	0	0	0	0	0	0	0	3	0	9	223	1	0	0	60	267	1	0	0	0	2	1	0	1	0	0	-1	-1	-1	-1	100	0
568	"Equipped Weapon Strengthener"	0	22	0	0	0	0	0	0	0	0	0	0	0	3	0	0	0	0	0	0	0	0	0	0	0	3	0	2	225	1	0	0	0	268	0	0	1	0	0	0	0	0	0	0	-1	-1	-1	-1	100	0
569	"Def SuccessRate Increase PowUp"	50	22	55	11	7	0	80	0	0	0	0	0	1	4	268	0	0	0	0	0	0	0	0	0	0	3	0	2	226	1	0	0	0	269	1	0	0	153	0	0	0	0	0	0	-1	-1	-1	-1	100	0
571	"Equipped Weapon Mastery"	0	1	0	0	0	0	0	0	0	0	0	0	-1	3	0	0	0	0	0	0	0	0	0	0	0	3	0	3	227	1	0	0	0	271	0	0	0	0	0	0	0	0	0	0	-1	-1	-1	-1	100	0
572	"DefSuccessRate Increase Mastery"	50	22	60	12	7	0	80	0	0	0	0	0	1	4	569	0	0	0	0	0	0	0	0	0	0	3	0	3	226	1	0	0	0	272	1	0	0	154	2	1	0	1	0	0	-1	-1	-1	-1	100	0
573	"Stamina Increase Strengthener"	80	5	55	11	7	0	132	0	0	0	0	0	1	4	267	0	0	0	0	0	0	0	0	0	0	3	0	4	228	1	0	0	0	273	1	0	0	155	2	1	0	1	0	0	-1	-1	-1	-1	100	0
574	"Defense Switch"	0	20	0	0	0	0	0	0	0	0	0	0	-1	3	0	0	0	0	0	0	0	0	0	0	0	3	0	4	229	1	0	0	0	274	0	0	0	0	0	0	0	0	0	0	-1	-1	-1	-1	100	0
578	"Durability Reduction (1)"	0	37	0	0	0	0	0	0	0	0	0	0	-1	3	0	0	0	0	0	0	0	0	0	0	0	3	0	1	231	1	0	0	0	0	0	0	0	0	0	0	0	0	0	0	-1	-1	-1	-1	100	0
579	"Increase PvP Defense Rate"	0	29	0	0	0	0	0	0	0	0	0	0	-1	3	0	0	0	0	0	0	0	0	0	0	0	3	0	1	232	1	0	0	0	1	0	0	0	0	0	0	0	0	0	0	-1	-1	-1	-1	100	0
580	"Increase Maximum SD"	0	33	0	0	0	0	0	0	0	0	0	0	-1	3	0	0	0	0	0	0	0	0	0	0	0	3	0	2	233	1	0	0	0	2	0	0	0	0	0	0	0	0	0	0	-1	-1	-1	-1	100	0
581	"Increase Mana Recovery Rate"	0	7	0	0	0	0	0	0	0	0	0	0	-1	3	0	0	0	0	0	0	0	0	0	0	0	3	0	2	234	1	0	0	0	3	0	0	0	0	0	0	0	0	0	0	-1	-1	-1	-1	100	0
582	"Increase Poison Resistance"	0	1	0	0	0	0	0	0	0	0	0	5	-1	3	0	0	0	0	0	0	0	0	0	0	0	3	0	2	235	1	0	0	0	4	0	0	0	0	0	0	0	0	0	0	-1	-1	-1	-1	100	0
583	"Durability Reduction (2)"	0	17	0	0	0	0	0	0	0	0	0	0	-1	3	0	0	0	0	0	0	0	0	0	0	0	3	0	3	236	1	0	0	0	5	0	0	0	0	0	0	0	0	0	0	-1	-1	-1	-1	100	0
584	"Increase SD Recovery Rate"	0	1	0	0	0	0	0	0	0	0	0	0	-1	3	0	0	0	0	0	0	0	0	0	0	0	3	0	3	237	1	0	0	0	6	0	0	0	0	0	0	0	0	0	0	-1	-1	-1	-1	100	0
585	"Increase HP Recovery Rate"	0	1	0	0	0	0	0	0	0	0	0	0	-1	3	0	0	0	0	0	0	0	0	0	0	0	3	0	3	238	1	0	0	0	7	0	0	0	0	0	0	0	0	0	0	-1	-1	-1	-1	100	0
586	"Increase Lightning Resistance"	0	1	0	0	0	0	0	0	0	0	0	2	-1	3	0	0	0	0	0	0	0	0	0	0	0	3	0	3	239	1	0	0	0	8	0	0	0	0	0	0	0	0	0	0	-1	-1	-1	-1	100	0
587	"Increases Defense"	0	35	0	0	0	0	0	0	0	0	0	0	-1	3	0	0	0	0	0	0	0	0	0	0	0	3	0	4	240	1	0	0	0	9	0	0	0	0	0	0	0	0	0	0	-1	-1	-1	-1	100	0
588	"Increases AG Recovery Rate"	0	1	0	0	0	0	0	0	0	0	0	0	-1	3	0	0	0	0	0	0	0	0	0	0	0	3	0	4	241	1	0	0	0	10	0	0	0	0	0	0	0	0	0	0	-1	-1	-1	-1	100	0
589	"Increase Ice Resistance"	0	1	0	0	0	0	0	0	0	0	0	0	-1	3	0	0	0	0	0	0	0	0	0	0	0	3	0	4	242	1	0	0	0	11	0	0	0	0	0	0	0	0	0	0	-1	-1	-1	-1	100	0
590	"Durability Reduction(3)"	0	17	0	0	0	0	0	0	0	0	0	0	-1	3	0	0	0	0	0	0	0	0	0	0	0	3	0	5	243	1	0	0	0	12	0	0	0	0	0	0	0	0	0	0	-1	-1	-1	-1	100	0
591	"Increase Defense Success Rate"	0	1	0	0	0	0	0	0	0	0	0	0	-1	3	0	0	0	0	0	0	0	0	0	0	0	3	0	5	244	1	0	0	0	13	0	0	0	0	0	0	0	0	0	0	-1	-1	-1	-1	100	0
592	"Cast Invincibility"	0	38	0	0	0	0	0	0	0	0	0	0	-1	3	0	0	0	0	0	0	0	0	0	0	0	3	0	6	245	1	0	0	0	14	0	0	0	0	0	0	0	0	0	0	-1	-1	-1	-1	100	0
593	"Increase Set Defense"	0	3	0	0	0	0	0	0	0	0	0	0	-1	3	0	0	0	0	0	0	0	0	0	0	0	3	0	6	246	1	0	0	0	15	0	0	0	0	0	0	0	0	0	0	-1	-1	-1	-1	100	0
594	"Vengeance"	0	38	0	0	0	0	0	0	0	0	0	0	-1	3	0	0	0	0	0	0	0	0	0	0	0	3	0	6	247	1	0	0	0	16	0	0	0	0	0	0	0	0	0	0	-1	-1	-1	-1	100	0
595	"Increase Energy"	0	36	0	0	0	0	0	0	0	0	0	0	-1	3	0	0	0	0	0	0	0	0	0	0	0	3	0	7	248	1	0	0	0	17	0	0	0	0	0	0	0	0	0	0	-1	-1	-1	-1	100	0
596	"Stamina Increases"	0	36	0	0	0	0	0	0	0	0	0	0	-1	3	0	0	0	0	0	0	0	0	0	0	0	3	0	7	249	1	0	0	0	18	0	0	0	0	0	0	0	0	0	0	-1	-1	-1	-1	100	0
597	"Increase Agility"	0	36	0	0	0	0	0	0	0	0	0	0	-1	3	0	0	0	0	0	0	0	0	0	0	0	3	0	7	250	1	0	0	0	19	0	0	0	0	0	0	0	0	0	0	-1	-1	-1	-1	100	0
598	"Increase Strength"	0	36	0	0	0	0	0	0	0	0	0	0	-1	3	0	0	0	0	0	0	0	0	0	0	0	3	0	7	251	1	0	0	0	20	0	0	0	0	0	0	0	0	0	0	-1	-1	-1	-1	100	0
599	"Increase Attack Success Rate"	0	30	0	0	0	0	0	0	0	0	0	0	-1	3	0	0	0	0	0	0	0	0	0	0	0	3	0	1	252	1	0	0	0	25	0	0	0	0	0	0	0	0	0	0	-1	-1	-1	-1	100	0
600	"Increase Maximum HP"	0	34	0	0	0	0	0	0	0	0	0	0	-1	3	0	0	0	0	0	0	0	0	0	0	0	3	0	4	253	1	0	0	0	34	0	0	0	0	0	0	0	0	0	0	-1	-1	-1	-1	100	0
601	"Increase Maximum Mana"	0	34	0	0	0	0	0	0	0	0	0	0	-1	3	0	0	0	0	0	0	0	0	0	0	0	3	0	5	254	1	0	0	0	38	0	0	0	0	0	0	0	0	0	0	-1	-1	-1	-1	100	0
602	"Increase Maximum AG"	0	37	0	0	0	0	0	0	0	0	0	0	-1	3	0	0	0	0	0	0	0	0	0	0	0	3	0	6	255	1	0	0	0	41	0	0	0	0	0	0	0	0	0	0	-1	-1	-1	-1	100	0
603	"Increase PvP Attack Rate"	0	31	0	0	0	0	0	0	0	0	0	0	-1	3	0	0	0	0	0	0	0	0	0	0	0	3	0	1	256	1	0	0	0	47	0	0	0	0	0	0	0	0	0	0	-1	-1	-1	-1	100	0
604	"Decrease Mana"	0	18	0	0	0	0	0	0	0	0	0	0	-1	3	0	0	0	0	0	0	0	0	0	0	0	3	0	4	257	1	0	0	0	57	0	0	0	0	0	0	0	0	0	0	-1	-1	-1	-1	100	0
605	"Recover SD from Monster Kills"	0	11	0	0	0	0	0	0	0	0	0	0	-1	3	0	0	0	0	0	0	0	0	0	0	0	3	0	4	258	1	0	0	0	58	0	0	0	0	0	0	0	0	0	0	-1	-1	-1	-1	100	0
606	"Recover HP from Monster Kills"	0	6	0	0	0	0	0	0	0	0	0	0	-1	3	0	0	0	0	0	0	0	0	0	0	0	3	0	4	259	1	0	0	0	59	0	0	0	0	0	0	0	0	0	0	-1	-1	-1	-1	100	0
607	"Increase Minimum Attack Power"	0	22	0	0	0	0	0	0	0	0	0	0	0	3	0	0	0	0	0	0	0	0	0	0	0	3	0	5	260	1	0	0	0	61	0	0	1	0	0	0	0	0	0	0	-1	-1	-1	-1	100	0
608	"Recover Mana from Monster Kills"	0	6	0	0	0	0	0	0	0	0	0	0	-1	3	0	0	0	0	0	0	0	0	0	0	0	3	0	5	261	1	0	0	0	62	0	0	0	0	0	0	0	0	0	0	-1	-1	-1	-1	100	0
609	"Increase Maximum Attack Power"	0	3	0	0	0	0	0	0	0	0	0	0	0	3	0	0	0	0	0	0	0	0	0	0	0	3	0	6	262	1	0	0	0	64	0	0	1	0	0	0	0	0	0	0	-1	-1	-1	-1	100	0
610	"Increases Critical DMG Chance"	0	38	0	0	0	0	0	0	0	0	0	0	-1	3	0	0	0	0	0	0	0	0	0	0	0	3	0	6	263	1	0	0	0	66	0	0	0	0	0	0	0	0	0	0	-1	-1	-1	-1	100	0
611	"Recover Mana Fully"	0	38	0	0	0	0	0	0	0	0	0	0	-1	3	0	0	0	0	0	0	0	0	0	0	0	3	0	7	264	1	0	0	0	67	0	0	0	0	0	0	0	0	0	0	-1	-1	-1	-1	100	0
612	"Recovers HP Fully"	0	38	0	0	0	0	0	0	0	0	0	0	-1	3	0	0	0	0	0	0	0	0	0	0	0	3	0	7	265	1	0	0	0	68	0	0	0	0	0	0	0	0	0	0	-1	-1	-1	-1	100	0
613	"Increase Excellent DMG Chance"	0	38	0	0	0	0	0	0	0	0	0	0	-1	3	0	0	0	0	0	0	0	0	0	0	0	3	0	7	266	1	0	0	0	69	0	0	0	0	0	0	0	0	0	0	-1	-1	-1	-1	100	0
614	"Increase Double Damage Chance"	0	38	0	0	0	0	0	0	0	0	0	0	-1	3	0	0	0	0	0	0	0	0	0	0	0	3	0	8	267	1	0	0	0	70	0	0	0	0	0	0	0	0	0	0	-1	-1	-1	-1	100	0
615	"Increase Ignore Def Chance"	0	38	0	0	0	0	0	0	0	0	0	0	-1	3	0	0	0	0	0	0	0	0	0	0	0	3	0	9	268	1	0	0	0	71	0	0	0	0	0	0	0	0	0	0	-1	-1	-1	-1	100	0
616	"Recovers SD Fully"	0	38	0	0	0	0	0	0	0	0	0	0	-1	3	0	0	0	0	0	0	0	0	0	0	0	3	0	8	269	1	0	0	0	72	0	0	0	0	0	0	0	0	0	0	-1	-1	-1	-1	100	0
617	"Increase Triple Damage Chance"	0	38	0	0	0	0	0	0	0	0	0	0	-1	3	0	0	0	0	0	0	0	0	0	0	0	3	0	9	270	1	0	0	0	73	0	0	0	0	0	0	0	0	0	0	-1	-1	-1	-1	100	0
618	"Spell of Protection"	0	0	30	0	0	60000	0	0	0	0	0	0	0	5	0	0	0	0	0	1	1	1	1	1	1	1	1	0	0	0	0	0	0	0	1	0	0	0	2	1	0	0	0	0	-1	-1	-1	-1	100	0
619	"Spell of Restriction"	0	0	30	0	3	60000	0	0	0	0	0	0	0	5	0	0	0	0	0	1	1	1	1	1	1	1	1	0	0	0	0	0	0	0	2	0	0	0	0	0	0	1	0	0	-1	-1	-1	-1	100	0
620	"Spell of Pursuit"	0	0	30	0	0	120000	0	0	0	0	0	0	0	5	0	0	0	0	0	1	1	1	1	1	1	1	1	0	0	0	0	0	0	0	0	0	0	0	2	0	0	0	0	0	-1	-1	-1	-1	100	0
621	"Shied-Burn"	0	0	30	0	3	60000	0	0	0	0	0	0	0	5	0	0	0	0	0	1	1	1	1	1	1	1	1	0	0	0	0	0	0	0	0	0	0	0	0	0	0	1	0	0	-1	-1	-1	-1	100	0
623	"Shield Block"	0	2	0	0	0	0	0	0	0	0	0	0	-1	3	0	0	0	0	0	0	3	0	0	0	0	0	0	8	271	1	0	0	0	323	0	0	0	0	0	0	0	0	0	0	-1	-1	-1	-1	100	0
624	"Weapon Block"	0	2	0	0	0	0	0	0	0	0	0	0	-1	3	0	0	0	0	0	0	3	0	0	0	0	0	0	8	272	1	0	0	0	324	0	0	0	0	0	0	0	0	0	0	-1	-1	-1	-1	100	0
625	"Protection Shield"	0	39	0	0	0	0	0	0	0	0	0	0	-1	3	0	0	0	0	0	0	3	0	0	0	0	0	0	9	273	1	0	0	0	325	0	0	0	0	0	0	0	0	0	0	-1	-1	-1	-1	100	0
626	"Steel Armor"	0	35	0	0	0	0	0	0	0	0	0	0	-1	3	0	0	0	0	0	0	3	0	0	0	0	0	0	9	274	1	0	0	0	326	0	0	0	0	0	0	0	0	0	0	-1	-1	-1	-1	100	0
627	"Strong Mind"	0	1	0	0	0	0	0	0	0	0	0	0	-1	3	0	0	0	0	0	0	3	0	0	0	0	0	0	9	275	1	0	0	0	327	0	0	0	0	0	0	0	0	0	0	-1	-1	-1	-1	100	0
628	"Absorb Life"	0	22	0	0	0	0	0	0	0	0	0	0	-1	3	0	0	0	0	0	0	3	0	0	0	0	0	0	7	276	1	0	0	0	328	0	0	0	0	0	0	0	0	0	0	-1	-1	-1	-1	100	0
629	"Absorb Shield"	0	3	0	0	0	0	0	0	0	0	0	0	-1	3	0	0	0	0	0	0	3	0	0	0	0	0	0	9	277	1	0	0	0	329	0	0	0	0	0	0	0	0	0	0	-1	-1	-1	-1	100	0
630	"Battle Mind"	0	22	0	0	0	0	0	0	0	0	0	0	-1	3	0	0	0	0	0	0	3	0	0	0	0	0	0	8	278	1	0	0	0	330	0	0	1	0	0	0	0	0	0	0	-1	-1	-1	-1	100	0
631	"Rush"	0	300	200	200	7	1000	0	0	0	0	0	4	0	4	0	0	0	0	0	0	3	0	0	0	0	0	0	8	279	10	0	0	0	331	0	0	0	0	0	0	0	0	2	0	1	100	-1	-1	150	0
634	"Shield Block"	0	2	0	0	0	0	0	0	0	0	0	0	-1	3	0	0	0	0	0	3	0	0	0	0	0	0	0	8	281	1	0	0	0	323	0	0	0	0	0	0	0	0	0	0	-1	-1	-1	-1	100	0
635	"Weapon Block"	0	2	0	0	0	0	0	0	0	0	0	0	-1	3	0	0	0	0	0	3	0	0	0	0	0	0	0	8	282	1	0	0	0	324	0	0	0	0	0	0	0	0	0	0	-1	-1	-1	-1	100	0
636	"Protection Shield"	0	39	0	0	0	0	0	0	0	0	0	0	-1	3	0	0	0	0	0	3	0	0	0	0	0	0	0	9	283	1	0	0	0	325	0	0	0	0	0	0	0	0	0	0	-1	-1	-1	-1	100	0
637	"Steel Armor"	0	35	0	0	0	0	0	0	0	0	0	0	-1	3	0	0	0	0	0	3	0	0	0	0	0	0	0	9	284	1	0	0	0	326	0	0	0	0	0	0	0	0	0	0	-1	-1	-1	-1	100	0
638	"Strong Mind"	0	1	0	0	0	0	0	0	0	0	0	0	-1	3	0	0	0	0	0	3	0	0	0	0	0	0	0	9	285	1	0	0	0	327	0	0	0	0	0	0	0	0	0	0	-1	-1	-1	-1	100	0
639	"Absorb Life"	0	22	0	0	0	0	0	0	0	0	0	0	-1	3	0	0	0	0	0	3	0	0	0	0	0	0	0	7	286	1	0	0	0	328	0	0	0	0	0	0	0	0	0	0	-1	-1	-1	-1	100	0
640	"Absorb Shield"	0	3	0	0	0	0	0	0	0	0	0	0	-1	3	0	0	0	0	0	3	0	0	0	0	0	0	0	9	287	1	0	0	0	329	0	0	0	0	0	0	0	0	0	0	-1	-1	-1	-1	100	0
641	"Grand Magic PowUp"	0	22	0	0	0	0	0	0	0	0	0	0	-1	3	0	0	0	0	0	3	0	0	0	0	0	0	0	8	288	1	0	0	0	341	0	0	2	0	0	0	0	0	0	0	-1	-1	-1	-1	100	0
642	"Illusion"	0	0	1000	300	1	120000	0	0	0	0	0	0	-1	4	0	0	0	0	0	3	0	0	0	0	0	0	0	9	289	10	0	0	60	342	4	0	0	0	1	1	2	1	0	0	-1	-1	-1	-1	100	0
643	"Shield Block"	0	2	0	0	0	0	0	0	0	0	0	0	-1	3	0	0	0	0	0	0	0	3	0	0	0	0	0	8	290	1	0	0	0	323	0	0	0	0	0	0	0	0	0	0	-1	-1	-1	-1	100	0
644	"Weapon Block"	0	2	0	0	0	0	0	0	0	0	0	0	-1	3	0	0	0	0	0	0	0	3	0	0	0	0	0	8	291	1	0	0	0	324	0	0	0	0	0	0	0	0	0	0	-1	-1	-1	-1	100	0
645	"Protection Shield"	0	39	0	0	0	0	0	0	0	0	0	0	-1	3	0	0	0	0	0	0	0	3	0	0	0	0	0	9	292	1	0	0	0	325	0	0	0	0	0	0	0	0	0	0	-1	-1	-1	-1	100	0
646	"Steel Armor"	0	35	0	0	0	0	0	0	0	0	0	0	-1	3	0	0	0	0	0	0	0	3	0	0	0	0	0	9	293	1	0	0	0	326	0	0	0	0	0	0	0	0	0	0	-1	-1	-1	-1	100	0
647	"Strong Mind"	0	1	0	0	0	0	0	0	0	0	0	0	-1	3	0	0	0	0	0	0	0	3	0	0	0	0	0	9	294	1	0	0	0	327	0	0	0	0	0	0	0	0	0	0	-1	-1	-1	-1	100	0
648	"Absorb Life"	0	22	0	0	0	0	0	0	0	0	0	0	-1	3	0	0	0	0	0	0	0	3	0	0	0	0	0	7	295	1	0	0	0	328	0	0	0	0	0	0	0	0	0	0	-1	-1	-1	-1	100	0
649	"Absorb Shield"	0	3	0	0	0	0	0	0	0	0	0	0	-1	3	0	0	0	0	0	0	0	3	0	0	0	0	0	9	296	1	0	0	0	329	0	0	0	0	0	0	0	0	0	0	-1	-1	-1	-1	100	0
650	"Marksman"	0	22	0	0	0	0	0	0	0	0	0	0	-1	3	0	0	0	0	0	0	0	3	0	0	0	0	0	8	297	1	0	0	0	350	0	0	1	0	0	0	0	0	0	0	-1	-1	-1	-1	100	0
651	"Shadow Step"	0	0	150	100	5	3000	0	0	0	0	0	0	-1	4	0	0	0	0	0	0	0	3	0	0	0	0	0	9	298	10	0	0	0	351	5	0	0	0	1	1	2	1	2	0	-1	-1	-1	-1	100	0
652	"Evasion"	0	0	200	200	0	60000	0	0	0	0	0	0	-1	4	0	0	0	0	0	0	0	3	0	0	0	0	0	9	299	10	0	0	7	352	1	0	0	214	2	1	2	1	0	0	-1	-1	-1	-1	100	0
653	"Shield Block"	0	2	0	0	0	0	0	0	0	0	0	0	-1	3	0	0	0	0	0	0	0	0	0	0	3	0	0	8	300	1	0	0	0	323	0	0	0	0	0	0	0	0	0	0	-1	-1	-1	-1	100	0
654	"Weapon Block"	0	2	0	0	0	0	0	0	0	0	0	0	-1	3	0	0	0	0	0	0	0	0	0	0	3	0	0	8	301	1	0	0	0	324	0	0	0	0	0	0	0	0	0	0	-1	-1	-1	-1	100	0
655	"Protection Shield"	0	39	0	0	0	0	0	0	0	0	0	0	-1	3	0	0	0	0	0	0	0	0	0	0	3	0	0	9	302	1	0	0	0	325	0	0	0	0	0	0	0	0	0	0	-1	-1	-1	-1	100	0
656	"Steel Armor"	0	35	0	0	0	0	0	0	0	0	0	0	-1	3	0	0	0	0	0	0	0	0	0	0	3	0	0	9	303	1	0	0	0	326	0	0	0	0	0	0	0	0	0	0	-1	-1	-1	-1	100	0
657	"Strong Mind"	0	1	0	0	0	0	0	0	0	0	0	0	-1	3	0	0	0	0	0	0	0	0	0	0	3	0	0	9	304	1	0	0	0	327	0	0	0	0	0	0	0	0	0	0	-1	-1	-1	-1	100	0
658	"Absorb Life"	0	22	0	0	0	0	0	0	0	0	0	0	-1	3	0	0	0	0	0	0	0	0	0	0	3	0	0	7	305	1	0	0	0	328	0	0	0	0	0	0	0	0	0	0	-1	-1	-1	-1	100	0
659	"Absorb Shield"	0	3	0	0	0	0	0	0	0	0	0	0	-1	3	0	0	0	0	0	0	0	0	0	0	3	0	0	9	306	1	0	0	0	329	0	0	0	0	0	0	0	0	0	0	-1	-1	-1	-1	100	0
660	"Pain of Curse"	0	22	0	0	0	0	0	0	0	0	0	0	-1	3	0	0	0	0	0	0	0	0	0	0	3	0	0	8	307	1	0	0	0	360	0	0	1	0	0	0	0	0	0	0	-1	-1	-1	-1	100	0
661	"Paralyze"	0	0	500	300	5	30000	0	0	0	0	0	0	1	4	0	0	0	0	0	0	0	0	0	0	3	0	0	8	308	10	0	0	10	361	2	0	0	209	1	1	2	1	0	0	-1	-1	-1	-1	100	0
662	"Paralyze PowUp"	0	41	650	390	5	30000	0	0	0	0	0	0	1	4	661	0	0	0	0	0	0	0	0	0	3	0	0	9	308	1	0	0	10	362	2	0	0	210	1	1	2	1	0	0	-1	-1	-1	-1	100	0
663	"Shield Block"	0	2	0	0	0	0	0	0	0	0	0	0	-1	3	0	0	0	0	0	0	0	0	3	0	0	0	0	8	309	1	0	0	0	323	0	0	0	0	0	0	0	0	0	0	-1	-1	-1	-1	100	0
664	"Weapon Block"	0	2	0	0	0	0	0	0	0	0	0	0	-1	3	0	0	0	0	0	0	0	0	3	0	0	0	0	8	310	1	0	0	0	324	0	0	0	0	0	0	0	0	0	0	-1	-1	-1	-1	100	0
665	"Protection Shield"	0	39	0	0	0	0	0	0	0	0	0	0	-1	3	0	0	0	0	0	0	0	0	3	0	0	0	0	9	311	1	0	0	0	325	0	0	0	0	0	0	0	0	0	0	-1	-1	-1	-1	100	0
666	"Steel Armor"	0	35	0	0	0	0	0	0	0	0	0	0	-1	3	0	0	0	0	0	0	0	0	3	0	0	0	0	9	312	1	0	0	0	326	0	0	0	0	0	0	0	0	0	0	-1	-1	-1	-1	100	0
667	"Strong Mind"	0	1	0	0	0	0	0	0	0	0	0	0	-1	3	0	0	0	0	0	0	0	0	3	0	0	0	0	9	313	1	0	0	0	327	0	0	0	0	0	0	0	0	0	0	-1	-1	-1	-1	100	0
668	"Absorb Life"	0	22	0	0	0	0	0	0	0	0	0	0	-1	3	0	0	0	0	0	0	0	0	3	0	0	0	0	7	314	1	0	0	0	328	0	0	0	0	0	0	0	0	0	0	-1	-1	-1	-1	100	0
669	"Absorb Shield"	0	3	0	0	0	0	0	0	0	0	0	0	-1	3	0	0	0	0	0	0	0	0	3	0	0	0	0	9	315	1	0	0	0	329	0	0	0	0	0	0	0	0	0	0	-1	-1	-1	-1	100	0
670	"Shield Block"	0	2	0	0	0	0	0	0	0	0	0	0	-1	3	0	0	0	0	0	0	0	0	0	3	0	0	0	8	316	1	0	0	0	323	0	0	0	0	0	0	0	0	0	0	-1	-1	-1	-1	100	0
671	"Weapon Block"	0	2	0	0	0	0	0	0	0	0	0	0	-1	3	0	0	0	0	0	0	0	0	0	3	0	0	0	8	317	1	0	0	0	324	0	0	0	0	0	0	0	0	0	0	-1	-1	-1	-1	100	0
672	"Protection Shield"	0	39	0	0	0	0	0	0	0	0	0	0	-1	3	0	0	0	0	0	0	0	0	0	3	0	0	0	9	318	1	0	0	0	325	0	0	0	0	0	0	0	0	0	0	-1	-1	-1	-1	100	0
673	"Steel Armor"	0	35	0	0	0	0	0	0	0	0	0	0	-1	3	0	0	0	0	0	0	0	0	0	3	0	0	0	9	319	1	0	0	0	326	0	0	0	0	0	0	0	0	0	0	-1	-1	-1	-1	100	0
674	"Strong Mind"	0	1	0	0	0	0	0	0	0	0	0	0	-1	3	0	0	0	0	0	0	0	0	0	3	0	0	0	9	320	1	0	0	0	327	0	0	0	0	0	0	0	0	0	0	-1	-1	-1	-1	100	0
675	"Absorb Life"	0	22	0	0	0	0	0	0	0	0	0	0	-1	3	0	0	0	0	0	0	0	0	0	3	0	0	0	7	321	1	0	0	0	328	0	0	0	0	0	0	0	0	0	0	-1	-1	-1	-1	100	0
676	"Absorb Shield"	0	3	0	0	0	0	0	0	0	0	0	0	-1	3	0	0	0	0	0	0	0	0	0	3	0	0	0	9	322	1	0	0	0	329	0	0	0	0	0	0	0	0	0	0	-1	-1	-1	-1	100	0
677	"Shield Block"	0	2	0	0	0	0	0	0	0	0	0	0	-1	3	0	0	0	0	0	0	0	0	0	0	0	3	0	8	323	1	0	0	0	323	0	0	0	0	0	0	0	0	0	0	-1	-1	-1	-1	100	0
678	"Weapon Block"	0	2	0	0	0	0	0	0	0	0	0	0	-1	3	0	0	0	0	0	0	0	0	0	0	0	3	0	8	324	1	0	0	0	324	0	0	0	0	0	0	0	0	0	0	-1	-1	-1	-1	100	0
679	"Protection Shield"	0	39	0	0	0	0	0	0	0	0	0	0	-1	3	0	0	0	0	0	0	0	0	0	0	0	3	0	9	325	1	0	0	0	325	0	0	0	0	0	0	0	0	0	0	-1	-1	-1	-1	100	0
680	"Steel Armor"	0	35	0	0	0	0	0	0	0	0	0	0	-1	3	0	0	0	0	0	0	0	0	0	0	0	3	0	9	326	1	0	0	0	326	0	0	0	0	0	0	0	0	0	0	-1	-1	-1	-1	100	0
681	"Strong Mind"	0	1	0	0	0	0	0	0	0	0	0	0	-1	3	0	0	0	0	0	0	0	0	0	0	0	3	0	9	327	1	0	0	0	327	0	0	0	0	0	0	0	0	0	0	-1	-1	-1	-1	100	0
682	"Absorb Life"	0	22	0	0	0	0	0	0	0	0	0	0	-1	3	0	0	0	0	0	0	0	0	0	0	0	3	0	7	328	1	0	0	0	328	0	0	0	0	0	0	0	0	0	0	-1	-1	-1	-1	100	0
683	"Absorb Shield"	0	3	0	0	0	0	0	0	0	0	0	0	-1	3	0	0	0	0	0	0	0	0	0	0	0	3	0	9	329	1	0	0	0	329	0	0	0	0	0	0	0	0	0	0	-1	-1	-1	-1	100	0
684	"Cloak of Transcendence Absorption PowUp"	0	38	0	0	0	0	0	0	0	0	0	0	-1	3	0	0	0	0	0	0	0	0	0	0	0	0	3	8	330	1	0	0	0	384	0	0	0	0	0	0	0	0	0	0	-1	-1	-1	-1	100	0
685	"Cloak of Transcendence Defense PowUp"	0	17	0	0	0	0	0	0	0	0	0	0	-1	3	0	0	0	0	0	0	0	0	0	0	0	0	3	8	331	1	0	0	0	385	0	0	0	0	0	0	0	0	0	0	-1	-1	-1	-1	100	0
686	"Cloak of Transcendence Attack PowUp"	0	17	0	0	0	0	0	0	0	0	0	0	-1	3	0	0	0	0	0	0	0	0	0	0	0	0	3	9	332	1	0	0	0	386	0	0	0	0	0	0	0	0	0	0	-1	-1	-1	-1	100	0
687	"Spin Step PowUp"	83	3	15	0	2	500	0	0	150	0	0	2	-1	4	271	0	0	0	0	0	0	0	0	0	0	0	3	2	333	1	0	0	0	387	0	0	1	0	0	0	0	0	0	4	2	-1	-1	-1	100	0
688	"Harsh Strike PowUp"	74	4	15	0	3	500	0	150	0	0	0	1	-1	4	276	0	0	0	0	0	0	0	0	0	0	0	3	2	334	1	0	0	0	388	0	0	1	0	0	0	0	0	2	0	1	30	-1	-1	110	0
689	"Weapon Mastery"	0	22	0	0	0	0	0	0	0	0	0	0	-1	3	0	0	0	0	0	0	0	0	0	0	0	0	3	3	335	1	0	0	0	389	0	0	1	0	0	0	0	0	0	0	-1	-1	-1	-1	100	0
690	"Spin Step Mastery"	83	4	20	0	2	500	0	0	150	0	0	2	-1	4	687	0	0	0	0	0	0	0	0	0	0	0	3	4	333	1	0	0	0	390	0	0	0	0	0	0	0	0	0	4	2	-1	-1	-1	100	0
691	"Harsh Strike Mastery"	74	0	20	0	3	500	0	150	0	0	0	1	-1	4	688	0	0	0	0	0	0	0	0	0	0	0	3	4	334	10	0	0	0	391	0	0	0	0	0	0	0	0	2	0	1	30	-1	-1	110	0
692	"Magic Pin PowUp"	30	4	30	20	2	500	0	300	300	0	0	2	-1	4	274	0	0	0	0	0	0	0	0	0	0	0	3	5	338	1	0	0	0	392	0	0	1	0	0	0	0	0	0	4	2	-1	-1	-1	100	0
693	"Obsidian PowUp"	74	18	50	50	0	0	200	0	0	0	0	0	-1	4	273	0	0	0	0	0	0	0	0	0	0	0	3	5	339	1	0	0	0	393	1	0	0	220	3	0	0	0	0	0	1	-1	-1	-1	100	0
694	"Magic Pin Proficiency"	30	7	35	20	2	500	0	300	300	0	0	2	-1	4	692	0	0	0	0	0	0	0	0	0	0	0	3	6	338	1	0	0	0	394	0	0	0	0	0	0	0	0	0	4	2	-1	-1	-1	100	0
695	"Magic Pin Mastery"	30	0	40	22	3	500	0	300	300	0	0	2	-1	4	692	0	0	0	0	0	0	0	0	0	0	0	3	7	338	10	0	0	0	395	0	0	0	0	0	0	0	0	0	4	2	-1	-1	-1	100	0
696	"Breche PowUp"	300	4	45	25	3	500	0	0	0	0	0	1	-1	4	279	0	0	0	0	0	0	0	0	0	0	0	3	5	342	1	0	0	0	396	0	0	1	0	1	0	0	0	2	4	2	-1	-1	-1	110	0
697	"Breche Proficiency"	300	7	45	25	3	500	0	0	0	0	0	1	-1	4	696	0	0	0	0	0	0	0	0	0	0	0	3	6	342	1	0	0	0	397	0	0	0	0	1	0	0	0	2	4	2	-1	-1	-1	110	0
698	"Breche Mastery"	300	0	50	30	4	500	0	0	0	0	0	1	-1	4	696	0	0	0	0	0	0	0	0	0	0	0	3	7	342	10	0	0	0	398	0	0	0	0	1	0	0	0	2	4	2	-1	-1	-1	110	0
699	"Shining Peak PowUp"	220	5	70	25	4	0	0	0	0	0	0	4	-1	4	277	0	0	0	0	0	0	0	0	0	0	0	3	7	345	1	0	0	0	399	0	0	1	0	1	0	0	0	0	4	1	-1	-1	-1	110	0
700	"Burst"	0	38	200	50	0	60000	0	0	0	0	0	0	-1	4	0	0	0	0	0	0	0	0	0	0	0	0	3	8	346	10	0	0	60	400	1	0	0	219	2	0	0	0	0	0	-1	-1	-1	-1	100	0
701	"Burst PowUp"	0	23	210	52	0	60000	0	0	0	0	0	0	-1	4	700	0	0	0	0	0	0	0	0	0	0	0	3	9	346	1	0	0	60	401	1	0	0	226	2	0	0	0	0	0	-1	-1	-1	-1	100	0
702	"Lance PowUp"	0	22	0	0	0	0	0	0	0	0	0	0	-1	3	0	0	0	0	0	0	0	0	0	0	0	0	3	2	348	1	0	0	0	402	0	0	1	0	0	0	0	0	0	0	-1	-1	-1	-1	100	0
703	"Circle Shield PowUp"	220	10	100	50	0	0	0	0	0	0	0	0	-1	4	272	0	0	0	0	0	0	0	0	0	0	0	3	2	349	1	0	0	0	403	1	0	0	221	2	0	0	0	0	8	2	-1	-1	-1	100	0
704	"Shield PowUp"	0	10	0	0	0	0	0	0	0	0	0	0	-1	3	0	0	0	0	0	0	0	0	0	0	0	0	3	2	350	1	0	0	0	404	0	0	0	0	0	0	0	0	0	0	-1	-1	-1	-1	100	0
705	"Lance Mastery"	0	1	0	0	0	0	0	0	0	0	0	0	-1	3	0	0	0	0	0	0	0	0	0	0	0	0	3	3	351	1	0	0	0	405	0	0	1	0	0	0	0	0	0	0	-1	-1	-1	-1	100	0
706	"Circle Shield Mastery"	220	23	100	50	0	0	0	0	0	0	0	0	-1	4	703	0	0	0	0	0	0	0	0	0	0	0	3	3	349	1	0	0	0	406	1	0	0	222	2	0	0	0	0	8	2	-1	-1	-1	100	0
707	"Shield Mastery"	0	17	0	0	0	0	0	0	0	0	0	0	-1	3	0	0	0	0	0	0	0	0	0	0	0	0	3	3	353	1	0	0	0	407	0	0	0	0	0	0	0	0	0	0	-1	-1	-1	-1	100	0
708	"Wrath PowUp"	66	23	110	50	0	60000	0	0	0	0	0	0	-1	4	278	0	0	0	0	0	0	0	0	0	0	0	3	4	354	1	0	0	0	408	1	0	0	223	2	0	0	0	2	0	2	-1	-1	-1	100	0
709	"Wrath Proficiency"	66	23	130	60	0	60000	0	0	0	0	0	0	-1	4	708	0	0	0	0	0	0	0	0	0	0	0	3	5	354	1	0	0	0	409	1	0	0	224	2	0	0	0	2	0	2	-1	-1	-1	100	0
710	"Wrath Mastery"	66	38	150	80	0	60000	0	0	0	0	0	0	-1	4	709	0	0	0	0	0	0	0	0	0	0	0	3	6	354	10	0	0	0	410	1	0	0	225	2	0	0	0	2	0	2	-1	-1	-1	100	0
711	"Increases Retaliation DMG"	0	23	0	0	0	0	0	0	0	0	0	0	-1	3	0	0	0	0	0	0	0	0	0	0	0	0	3	9	357	1	0	0	0	411	0	0	0	0	2	0	0	0	0	0	-1	-1	-1	-1	100	0
712	"Increases Rage DMG"	0	23	0	0	0	0	0	0	0	0	0	0	-1	3	0	0	0	0	0	0	0	0	0	0	0	0	3	9	358	1	0	0	0	412	0	0	0	0	2	0	0	0	0	0	-1	-1	-1	-1	100	0
713	"Shield Block"	0	2	0	0	0	0	0	0	0	0	0	0	-1	3	0	0	0	0	0	0	0	0	0	0	0	0	3	8	359	1	0	0	0	323	0	0	0	0	0	0	0	0	0	0	-1	-1	-1	-1	100	0
714	"Weapon Block"	0	2	0	0	0	0	0	0	0	0	0	0	-1	3	0	0	0	0	0	0	0	0	0	0	0	0	3	8	360	1	0	0	0	324	0	0	0	0	0	0	0	0	0	0	-1	-1	-1	-1	100	0
715	"Protection Shield"	0	39	0	0	0	0	0	0	0	0	0	0	-1	3	0	0	0	0	0	0	0	0	0	0	0	0	3	9	361	1	0	0	0	325	0	0	0	0	0	0	0	0	0	0	-1	-1	-1	-1	100	0
716	"Steel Armor"	0	35	0	0	0	0	0	0	0	0	0	0	-1	3	0	0	0	0	0	0	0	0	0	0	0	0	3	9	362	1	0	0	0	326	0	0	0	0	0	0	0	0	0	0	-1	-1	-1	-1	100	0
717	"Strong Mind"	0	1	0	0	0	0	0	0	0	0	0	0	-1	3	0	0	0	0	0	0	0	0	0	0	0	0	3	9	363	1	0	0	0	327	0	0	0	0	0	0	0	0	0	0	-1	-1	-1	-1	100	0
718	"Absorb Life"	0	22	0	0	0	0	0	0	0	0	0	0	-1	3	0	0	0	0	0	0	0	0	0	0	0	0	3	7	364	1	0	0	0	328	0	0	0	0	0	0	0	0	0	0	-1	-1	-1	-1	100	0
719	"Absorb Shield"	0	3	0	0	0	0	0	0	0	0	0	0	-1	3	0	0	0	0	0	0	0	0	0	0	0	0	3	9	365	1	0	0	0	329	0	0	0	0	0	0	0	0	0	0	-1	-1	-1	-1	100	0
720	"Immune I"	0	0	300	200	0	500	0	0	0	0	0	0	-1	0	0	0	0	0	0	0	0	0	0	0	0	0	0	0	0	0	0	0	0	420	1	0	0	243	2	1	2	1	0	0	-1	-1	-1	-1	100	0
721	"Immune II"	0	0	300	200	0	500	0	0	0	0	0	0	-1	0	0	0	0	0	0	0	0	0	0	0	0	0	0	0	0	0	0	0	0	421	1	0	0	244	2	1	2	1	0	0	-1	-1	-1	-1	100	0
722	"Berserker I"	0	0	500	300	0	500	0	0	0	0	0	0	-1	0	0	0	0	0	0	0	0	0	0	0	0	0	0	0	0	0	0	0	0	422	1	0	0	245	2	1	2	1	0	0	-1	-1	-1	-1	100	0
723	"Fire Blow"	160	120	17	17	3	0	0	1090	0	0	0	1	0	0	0	0	0	0	0	0	3	0	0	0	0	0	0	0	0	0	0	0	0	423	0	0	1	0	0	0	0	0	0	2	1	150	-1	-1	105	1
724	"Meteor Strike"	160	100	92	17	7	0	1073	0	0	0	0	3	1	0	0	0	0	0	0	3	0	0	0	0	0	0	0	0	0	0	0	0	0	424	0	0	2	0	0	0	0	0	0	0	3	170	-1	-1	110	1
725	"Meteor Storm"	160	105	105	20	6	500	1160	0	0	0	0	3	1	0	0	0	0	0	0	3	0	0	0	0	0	0	0	0	0	0	0	0	0	425	0	0	2	1	1	0	0	0	0	0	3	200	-1	-1	130	0
726	"Soul Seeker"	160	125	90	16	7	0	1115	0	0	0	0	5	1	0	0	0	0	0	0	3	0	0	0	0	0	0	0	0	0	0	0	0	0	426	0	0	2	0	0	0	0	0	0	0	3	170	-1	-1	110	1
727	"Focus Shot"	160	110	12	9	7	0	0	0	1302	0	0	4	0	0	0	0	0	0	0	0	0	3	0	0	0	0	0	0	0	0	0	0	0	427	0	0	1	0	0	0	0	0	0	5	2	100	-1	-1	130	1
729	"Fire Beast"	160	100	95	11	7	500	1220	0	0	0	0	1	1	0	0	0	0	0	0	0	0	0	0	0	3	0	0	0	0	0	0	0	0	429	0	0	2	0	0	0	0	0	0	0	3	170	-1	-1	105	1
730	"Aqua Beast"	160	100	95	11	7	500	1220	0	0	0	0	2	1	0	0	0	0	0	0	0	0	0	0	0	3	0	0	0	0	0	0	0	0	430	0	0	2	0	0	0	0	0	0	0	3	170	-1	-1	105	1
731	"Ice Blood"	160	330	19	28	3	0	0	900	0	0	0	2	0	0	0	0	0	0	0	0	0	0	3	0	0	0	0	0	0	0	0	0	0	431	0	0	1	0	0	0	0	0	0	2	1	750	-1	-1	105	1
732	"Fire Blood"	160	330	19	28	3	0	0	900	0	0	0	1	0	0	0	0	0	0	0	0	0	0	3	0	0	0	0	0	0	0	0	0	0	432	0	0	1	0	0	0	0	0	0	2	1	750	-1	-1	105	1
733	"Dark Blast"	160	120	92	17	7	0	1073	0	0	0	0	5	1	0	0	0	0	0	0	0	0	0	3	0	0	0	0	0	0	0	0	0	0	433	0	0	2	0	0	0	0	0	0	0	3	170	-1	-1	110	1
734	"Meteor Strike"	160	120	92	17	7	0	1073	0	0	0	0	3	1	0	0	0	0	0	0	0	0	0	3	0	0	0	0	0	0	0	0	0	0	434	0	0	2	0	0	0	0	0	0	0	3	170	-1	-1	110	1
737	"Wind Soul"	160	85	60	17	6	0	0	717	0	0	0	4	0	0	0	0	0	0	0	0	0	0	0	3	0	0	0	0	0	0	0	0	0	437	0	0	1	0	0	0	0	0	0	2	1	250	-1	-1	105	1
739	"Dark Phoenix Shot"	160	650	30	10	7	600	0	0	987	0	0	5	0	0	0	0	0	0	0	0	0	0	0	0	0	3	0	0	0	0	0	0	0	439	0	0	1	0	0	0	0	0	0	0	2	170	-1	-1	110	1
740	"Archangel's will"	0	0	100	150	0	90000	0	0	0	0	0	0	-1	0	0	0	0	0	0	1	1	1	1	1	1	1	1	0	0	0	0	0	1800000	440	1	1	0	246	3	1	2	0	0	1	-1	-1	-1	-1	100	0
743	"Boost maximum vitality"	160	43	0	0	0	0	0	0	0	0	0	0	-1	3	0	0	0	0	0	3	3	3	3	3	3	0	3	7	367	1	0	0	0	443	0	0	0	0	0	0	0	0	0	0	-1	-1	-1	-1	100	0
744	"Phoenix Shot Strengthener"	160	22	30	0	4	1200	0	0	0	0	0	4	1	4	270	0	0	0	0	0	0	0	0	0	0	3	0	2	366	1	0	0	0	444	0	1	1	0	0	0	0	0	0	0	4	200	-1	-1	125	0
745	"Phoenix Shot Mastery"	160	1	30	0	4	1200	0	0	0	0	0	4	1	4	744	0	0	0	0	0	0	0	0	0	0	3	0	3	366	1	0	0	0	445	0	1	0	0	0	0	0	0	0	0	4	200	-1	-1	125	0
1001	"Skill damage increase"	0	0	0	0	0	0	0	0	0	0	0	0	-1	7	0	0	0	0	0	4	4	4	4	4	4	4	4	0	0	1	0	0	0	0	0	0	0	0	0	0	0	0	0	0	-1	-1	-1	-1	100	0
1002	"Increase the number of damage+1"	0	0	0	0	0	0	0	0	0	0	0	0	-1	7	0	0	0	0	0	4	4	4	4	4	4	4	4	0	0	1	0	0	0	1	0	0	0	0	0	0	0	0	0	0	-1	-1	-1	-1	100	0
1003	"Increase the number of damage+2"	0	0	0	0	0	0	0	0	0	0	0	0	-1	7	0	0	0	0	0	4	4	4	4	4	4	4	4	0	0	1	0	0	0	2	0	0	0	0	0	0	0	0	0	0	-1	-1	-1	-1	100	0
1004	"Increase the number of damage+3"	0	0	0	0	0	0	0	0	0	0	0	0	-1	7	0	0	0	0	0	4	4	4	4	4	4	4	4	0	0	1	0	0	0	3	0	0	0	0	0	0	0	0	0	0	-1	-1	-1	-1	100	0
1005	"Increase the number of damage+4"	0	0	0	0	0	0	0	0	0	0	0	0	-1	7	0	0	0	0	0	4	4	4	4	4	4	4	4	0	0	1	0	0	0	4	0	0	0	0	0	0	0	0	0	0	-1	-1	-1	-1	100	0
1006	"Increase the number of damage+2"	0	0	0	0	0	0	0	0	0	0	0	0	-1	7	0	0	0	0	0	4	4	4	4	4	4	4	4	0	0	1	0	0	0	5	0	0	0	0	0	0	0	0	0	0	-1	-1	-1	-1	100	0
1007	"Increase the chance of additional damage"	0	0	0	0	0	0	0	0	0	0	0	0	-1	7	0	0	0	0	0	4	4	4	4	4	4	4	4	0	0	1	0	0	0	6	0	0	0	0	0	0	0	0	0	0	-1	-1	-1	-1	100	0
1008	"Increases Attack Speed"	0	0	0	0	0	0	0	0	0	0	0	0	-1	7	0	0	0	0	0	4	4	4	4	4	4	4	4	0	0	1	0	0	0	16	0	0	0	0	0	0	0	0	0	0	-1	-1	-1	-1	100	0
1009	"Increases range"	0	0	0	0	0	0	0	0	0	0	0	0	-1	7	0	0	0	0	0	4	4	4	4	4	4	4	4	0	0	1	0	0	0	12	0	0	0	0	0	0	0	0	0	0	-1	-1	-1	-1	100	0
1010	"Adds splash damage"	0	0	0	0	0	0	0	0	0	0	0	0	-1	7	0	0	0	0	0	4	4	4	4	4	4	4	4	0	0	1	0	0	0	13	0	0	0	0	0	0	0	0	0	0	-1	-1	-1	-1	100	0
1011	"Increases distance"	0	0	0	0	0	0	0	0	0	0	0	0	-1	7	0	0	0	0	0	4	4	4	4	4	4	4	4	0	0	1	0	0	0	14	0	0	0	0	0	0	0	0	0	0	-1	-1	-1	-1	100	0
1012	"Target increase"	0	0	0	0	0	0	0	0	0	0	0	0	-1	7	0	0	0	0	0	4	4	4	4	4	4	4	4	0	0	1	0	0	0	15	0	0	0	0	0	0	0	0	0	0	-1	-1	-1	-1	100	0
1013	"Buff synergy"	0	0	0	0	0	0	0	0	0	0	0	0	-1	7	0	0	0	0	0	4	4	4	4	4	4	4	4	0	0	1	0	0	0	16	0	0	0	0	0	0	0	0	0	0	-1	-1	-1	-1	100	0
1014	"Buff synergy"	0	0	0	0	0	0	0	0	0	0	0	0	-1	7	0	0	0	0	0	4	4	4	4	4	4	4	4	0	0	1	0	0	0	17	0	0	0	0	0	0	0	0	0	0	-1	-1	-1	-1	100	0
1015	"Increase skill duration"	0	0	0	0	0	0	0	0	0	0	0	0	-1	7	0	0	0	0	0	4	4	4	4	4	4	4	4	0	0	1	0	0	0	18	0	0	0	0	0	0	0	0	0	0	-1	-1	-1	-1	100	0
1016	"Iron Defense"	0	3	70	31	0	30000	0	0	0	0	0	0	-1	7	0	0	0	0	0	4	4	4	4	4	4	4	4	0	0	1	0	0	0	19	0	0	0	0	0	0	0	0	0	0	-1	-1	-1	-1	100	0
1017	"Reinforced Iron Defense"	0	3	70	31	0	30000	0	0	0	0	0	0	-1	7	0	0	0	0	0	4	4	4	4	4	4	4	4	0	0	1	0	0	0	20	0	0	0	0	0	0	0	0	0	0	-1	-1	-1	-1	100	0
1018	"Reduce reuse time"	0	0	0	0	0	0	0	0	0	0	0	0	-1	7	0	0	0	0	0	4	4	4	4	4	4	4	4	0	0	1	0	0	0	21	0	0	0	0	0	0	0	0	0	0	-1	-1	-1	-1	100	0
1019	"Eliminate reuse time"	0	0	0	0	0	0	0	0	0	0	0	0	-1	7	0	0	0	0	0	4	4	4	4	4	4	4	4	0	0	1	0	0	0	22	0	0	0	0	0	0	0	0	0	0	-1	-1	-1	-1	100	0
1020	"Weapon Attack Power Increase (%)"	0	0	0	0	0	0	0	0	0	0	0	0	-1	7	0	0	0	0	0	4	4	4	4	4	4	4	4	0	0	1	0	0	0	23	0	0	0	0	0	0	0	0	0	0	-1	-1	-1	-1	100	0
1021	"Increased Weapon Power (%)"	0	0	0	0	0	0	0	0	0	0	0	0	-1	7	0	0	0	0	0	4	4	4	4	4	4	4	4	0	0	1	0	0	0	24	0	0	0	0	0	0	0	0	0	0	-1	-1	-1	-1	100	0
1022	"Add penetration effect"	0	0	0	0	0	0	0	0	0	0	0	0	-1	7	0	0	0	0	0	4	4	4	4	4	4	4	4	0	0	1	0	0	0	25	0	0	0	0	0	0	0	0	0	0	-1	-1	-1	-1	100	0
1023	"Add Arrow Projectile"	0	0	0	0	0	0	0	0	0	0	0	0	-1	7	0	0	0	0	0	4	4	4	4	4	4	4	4	0	0	1	0	0	0	26	0	0	0	0	0	0	0	0	0	0	-1	-1	-1	-1	100	0
1024	"Increases probability of poisoning (1)"	0	151	0	0	0	0	0	0	0	0	0	0	-1	7	0	0	0	0	0	4	4	4	4	4	4	4	4	0	0	1	0	0	0	27	1	0	0	0	0	0	0	0	0	0	-1	-1	-1	-1	100	0
1025	"Increases probability of freezing (1)"	0	0	0	0	0	0	0	0	0	0	0	0	-1	7	0	0	0	0	0	4	4	4	4	4	4	4	4	0	0	1	0	0	0	28	1	0	0	0	0	0	0	0	0	0	-1	-1	-1	-1	100	0
1026	"Increases probability of bleeding (1)"	0	0	0	0	0	0	0	0	0	0	0	0	-1	7	0	0	0	0	0	4	4	4	4	4	4	4	4	0	0	1	0	0	0	29	1	0	0	0	0	0	0	0	0	0	-1	-1	-1	-1	100	0
1027	"Increases probability of shocking (1)"	0	0	0	0	0	0	0	0	0	0	0	0	-1	7	0	0	0	0	0	4	4	4	4	4	4	4	4	0	0	1	0	0	0	30	1	0	0	0	0	0	0	0	0	0	-1	-1	-1	-1	100	0
1028	"Increases poisoning effect (1)"	0	0	0	0	0	0	0	0	0	0	0	0	-1	7	0	0	0	0	0	4	4	4	4	4	4	4	4	0	0	1	0	0	0	35	1	0	0	0	0	0	0	0	0	0	-1	-1	-1	-1	100	0
1029	"Increases freezing effect (1)"	0	0	0	0	0	0	0	0	0	0	0	0	-1	7	0	0	0	0	0	4	4	4	4	4	4	4	4	0	0	1	0	0	0	37	1	0	0	0	0	0	0	0	0	0	-1	-1	-1	-1	100	0
1030	"Increases bleeding effect (1)"	0	0	0	0	0	0	0	0	0	0	0	0	-1	7	0	0	0	0	0	4	4	4	4	4	4	4	4	0	0	1	0	0	0	36	1	0	0	0	0	0	0	0	0	0	-1	-1	-1	-1	100	0
1031	"Increases shocking effect (1)"	0	0	0	0	0	0	0	0	0	0	0	0	-1	7	0	0	0	0	0	4	4	4	4	4	4	4	4	0	0	1	0	0	0	38	1	0	0	0	0	0	0	0	0	0	-1	-1	-1	-1	100	0
1032	"Increases poisoning duration (1)"	0	0	0	0	0	0	0	0	0	0	0	0	-1	7	0	0	0	0	0	4	4	4	4	4	4	4	4	0	0	1	0	0	0	39	1	0	0	0	0	0	0	0	0	0	-1	-1	-1	-1	100	0
1033	"Increases freezing duration (1)"	0	0	0	0	0	0	0	0	0	0	0	0	-1	7	0	0	0	0	0	4	4	4	4	4	4	4	4	0	0	1	0	0	0	41	1	0	0	0	0	0	0	0	0	0	-1	-1	-1	-1	100	0
1034	"Increases bleeding duration (1)"	0	0	0	0	0	0	0	0	0	0	0	0	-1	7	0	0	0	0	0	4	4	4	4	4	4	4	4	0	0	1	0	0	0	40	1	0	0	0	0	0	0	0	0	0	-1	-1	-1	-1	100	0
1035	"Increases shocking duration (1)"	0	0	0	0	0	0	0	0	0	0	0	0	-1	7	0	0	0	0	0	4	4	4	4	4	4	4	4	0	0	1	0	0	0	42	1	0	0	0	0	0	0	0	0	0	-1	-1	-1	-1	100	0
1036	"Increases upgraded poisoning effect (1)"	0	0	0	0	0	0	0	0	0	0	0	0	-1	7	0	0	0	0	0	4	4	4	4	4	4	4	4	0	0	1	0	0	0	43	1	0	0	0	0	0	0	0	0	0	-1	-1	-1	-1	100	0
1037	"Increases upgraded freezing effect (1)"	0	0	0	0	0	0	0	0	0	0	0	0	-1	7	0	0	0	0	0	4	4	4	4	4	4	4	4	0	0	1	0	0	0	44	1	0	0	0	0	0	0	0	0	0	-1	-1	-1	-1	100	0
1038	"Increases upgraded bleeding effect (1)"	0	0	0	0	0	0	0	0	0	0	0	0	-1	7	0	0	0	0	0	4	4	4	4	4	4	4	4	0	0	1	0	0	0	45	1	0	0	0	0	0	0	0	0	0	-1	-1	-1	-1	100	0
1039	"Increases upgraded shocking effect (1)"	0	0	0	0	0	0	0	0	0	0	0	0	-1	7	0	0	0	0	0	4	4	4	4	4	4	4	4	0	0	1	0	0	0	46	1	0	0	0	0	0	0	0	0	0	-1	-1	-1	-1	100	0
1040	"Poisoning upgrade probability (Addiction) (1)"	0	0	0	0	0	0	0	0	0	0	0	0	-1	7	0	0	0	0	0	4	4	4	4	4	4	4	4	0	0	1	0	0	0	47	1	0	0	0	0	0	0	0	0	0	-1	-1	-1	-1	100	0
1041	"Freezing upgrade probability (Freeze) (1)"	0	0	0	0	0	0	0	0	0	0	0	0	-1	7	0	0	0	0	0	4	4	4	4	4	4	4	4	0	0	1	0	0	0	49	1	0	0	0	0	0	0	0	0	0	-1	-1	-1	-1	100	0
1042	"Bleeding upgrade probability (Excessive Bleeding) (1)"	0	0	0	0	0	0	0	0	0	0	0	0	-1	7	0	0	0	0	0	4	4	4	4	4	4	4	4	0	0	1	0	0	0	48	1	0	0	0	0	0	0	0	0	0	-1	-1	-1	-1	100	0
1043	"Shocking upgrade probability (Stun) (1)"	0	0	0	0	0	0	0	0	0	0	0	0	-1	7	0	0	0	0	0	4	4	4	4	4	4	4	4	0	0	1	0	0	0	50	1	0	0	0	0	0	0	0	0	0	-1	-1	-1	-1	100	0
1044	"Probability to increase maximum effect (1)"	0	0	0	0	0	0	0	0	0	0	0	0	-1	7	0	0	0	0	0	4	4	4	4	4	4	4	4	0	0	1	0	0	0	51	1	0	0	0	0	0	0	0	0	0	-1	-1	-1	-1	100	0
1045	"Probability to increase maximum duration (1)"	0	0	0	0	0	0	0	0	0	0	0	0	-1	7	0	0	0	0	0	4	4	4	4	4	4	4	4	0	0	1	0	0	0	52	1	0	0	0	0	0	0	0	0	0	-1	-1	-1	-1	100	0
1046	"Additional probability of poisoning (2)"	0	0	0	0	0	0	0	0	0	0	0	0	-1	9	0	0	0	0	0	4	4	4	4	4	4	4	4	0	0	1	0	0	0	31	1	0	0	0	0	0	0	0	0	0	-1	-1	-1	-1	100	0
1047	"Additional probability of freezing (2)"	0	0	0	0	0	0	0	0	0	0	0	0	-1	9	0	0	0	0	0	4	4	4	4	4	4	4	4	0	0	1	0	0	0	32	1	0	0	0	0	0	0	0	0	0	-1	-1	-1	-1	100	0
1048	"Additional probability of bleeding (2)"	0	0	0	0	0	0	0	0	0	0	0	0	-1	9	0	0	0	0	0	4	4	4	4	4	4	4	4	0	0	1	0	0	0	33	1	0	0	0	0	0	0	0	0	0	-1	-1	-1	-1	100	0
1049	"Additional probability of shocking (2)"	0	0	0	0	0	0	0	0	0	0	0	0	-1	9	0	0	0	0	0	4	4	4	4	4	4	4	4	0	0	1	0	0	0	34	1	0	0	0	0	0	0	0	0	0	-1	-1	-1	-1	100	0
1050	"Additional poisoning effect (2)"	0	0	0	0	0	0	0	0	0	0	0	0	-1	9	0	0	0	0	0	4	4	4	4	4	4	4	4	0	0	1	0	0	0	35	1	0	0	0	0	0	0	0	0	0	-1	-1	-1	-1	100	0
1051	"Additional freezing effect (2)"	0	0	0	0	0	0	0	0	0	0	0	0	-1	9	0	0	0	0	0	4	4	4	4	4	4	4	4	0	0	1	0	0	0	37	1	0	0	0	0	0	0	0	0	0	-1	-1	-1	-1	100	0
1052	"Additional bleeding effect (2)"	0	0	0	0	0	0	0	0	0	0	0	0	-1	9	0	0	0	0	0	4	4	4	4	4	4	4	4	0	0	1	0	0	0	36	1	0	0	0	0	0	0	0	0	0	-1	-1	-1	-1	100	0
1053	"Additional shocking effect (2)"	0	0	0	0	0	0	0	0	0	0	0	0	-1	9	0	0	0	0	0	4	4	4	4	4	4	4	4	0	0	1	0	0	0	38	1	0	0	0	0	0	0	0	0	0	-1	-1	-1	-1	100	0
1054	"Additional poisoning duration (2)"	0	0	0	0	0	0	0	0	0	0	0	0	-1	9	0	0	0	0	0	4	4	4	4	4	4	4	4	0	0	1	0	0	0	39	1	0	0	0	0	0	0	0	0	0	-1	-1	-1	-1	100	0
1055	"Additional freezing duration (2)"	0	0	0	0	0	0	0	0	0	0	0	0	-1	9	0	0	0	0	0	4	4	4	4	4	4	4	4	0	0	1	0	0	0	41	1	0	0	0	0	0	0	0	0	0	-1	-1	-1	-1	100	0
1056	"Additional bleeding duration (2)"	0	0	0	0	0	0	0	0	0	0	0	0	-1	9	0	0	0	0	0	4	4	4	4	4	4	4	4	0	0	1	0	0	0	40	1	0	0	0	0	0	0	0	0	0	-1	-1	-1	-1	100	0
1057	"Additional shocking duration (2)"	0	0	0	0	0	0	0	0	0	0	0	0	-1	9	0	0	0	0	0	4	4	4	4	4	4	4	4	0	0	1	0	0	0	42	1	0	0	0	0	0	0	0	0	0	-1	-1	-1	-1	100	0
1058	"Additional upgraded poisoning effect (2)"	0	0	0	0	0	0	0	0	0	0	0	0	-1	9	0	0	0	0	0	4	4	4	4	4	4	4	4	0	0	1	0	0	0	43	1	0	0	0	0	0	0	0	0	0	-1	-1	-1	-1	100	0
1059	"Additional upgraded freezing effect (2)"	0	0	0	0	0	0	0	0	0	0	0	0	-1	9	0	0	0	0	0	4	4	4	4	4	4	4	4	0	0	1	0	0	0	44	1	0	0	0	0	0	0	0	0	0	-1	-1	-1	-1	100	0
1060	"Additional upgraded bleeding effect (2)"	0	0	0	0	0	0	0	0	0	0	0	0	-1	9	0	0	0	0	0	4	4	4	4	4	4	4	4	0	0	1	0	0	0	45	1	0	0	0	0	0	0	0	0	0	-1	-1	-1	-1	100	0
1061	"Additional upgraded shocking effect (2)"	0	0	0	0	0	0	0	0	0	0	0	0	-1	9	0	0	0	0	0	4	4	4	4	4	4	4	4	0	0	1	0	0	0	46	1	0	0	0	0	0	0	0	0	0	-1	-1	-1	-1	100	0
1062	"Poisoning upgrade probability (Addiction) (2)"	0	0	0	0	0	0	0	0	0	0	0	0	-1	9	0	0	0	0	0	4	4	4	4	4	4	4	4	0	0	1	0	0	0	47	1	0	0	0	0	0	0	0	0	0	-1	-1	-1	-1	100	0
1063	"Freezing upgrade probability (Freeze) (2)"	0	0	0	0	0	0	0	0	0	0	0	0	-1	9	0	0	0	0	0	4	4	4	4	4	4	4	4	0	0	1	0	0	0	49	1	0	0	0	0	0	0	0	0	0	-1	-1	-1	-1	100	0
1064	"Bleeding upgrade probability (Excessive Bleeding) (2)"	0	0	0	0	0	0	0	0	0	0	0	0	-1	9	0	0	0	0	0	4	4	4	4	4	4	4	4	0	0	1	0	0	0	48	1	0	0	0	0	0	0	0	0	0	-1	-1	-1	-1	100	0
1065	"Shocking upgrade probability (Stun) (2)"	0	0	0	0	0	0	0	0	0	0	0	0	-1	9	0	0	0	0	0	4	4	4	4	4	4	4	4	0	0	1	0	0	0	50	1	0	0	0	0	0	0	0	0	0	-1	-1	-1	-1	100	0
1066	"Probability to increase maximum effect (2)"	0	0	0	0	0	0	0	0	0	0	0	0	-1	9	0	0	0	0	0	4	4	4	4	4	4	4	4	0	0	1	0	0	0	51	1	0	0	0	0	0	0	0	0	0	-1	-1	-1	-1	100	0
1067	"Probability to increase maximum duration (2)"	0	0	0	0	0	0	0	0	0	0	0	0	-1	9	0	0	0	0	0	4	4	4	4	4	4	4	4	0	0	1	0	0	0	52	1	0	0	0	0	0	0	0	0	0	-1	-1	-1	-1	100	0
1069	"Rageful Blow Enhancement"	170	60	25	22	3	0	0	0	0	0	0	3	0	8	331	0	0	0	0	0	4	0	0	0	0	0	0	0	0	1	0	0	0	54	0	0	1	0	1	0	2	1	0	2	1	150	-1	-1	125	0
1071	"Death Stab Enhancement"	160	22	17	18	3	0	0	0	0	0	0	4	0	8	339	0	0	0	0	0	4	0	0	0	0	0	0	0	0	1	0	0	0	56	0	0	0	0	0	0	0	0	0	2	1	150	-1	-1	105	0
1072	"Fire Blow Enhancement"	160	120	17	17	3	0	0	1090	0	0	0	1	0	8	723	0	0	0	0	0	4	0	0	0	0	0	0	0	0	1	0	0	0	57	0	0	1	0	0	0	0	0	0	2	1	150	-1	-1	105	1
1075	"Meteor Strike Enhancement"	160	100	92	17	7	0	1073	0	0	0	0	3	1	8	724	0	0	0	0	4	0	0	0	0	0	0	0	0	0	1	0	0	0	60	0	0	2	0	0	0	0	0	0	0	3	170	-1	-1	110	1
1076	"Meteor Storm Enhancement"	160	105	105	20	6	500	1160	0	0	0	0	3	1	8	725	0	0	0	0	4	0	0	0	0	0	0	0	0	0	1	0	0	0	61	0	0	2	0	1	0	0	0	0	0	3	200	-1	-1	130	0
1078	"Evil Spirit Enhancement"	50	45	108	7	6	0	220	0	0	0	0	5	1	8	385	0	0	0	0	4	0	0	4	0	0	0	0	0	0	1	0	0	0	63	0	0	2	0	1	0	0	0	0	0	3	150	-1	-1	110	0
1081	"Triple Shot Enhancement"	0	0	9	4	6	0	0	0	0	0	0	4	0	8	418	0	0	0	0	0	0	4	0	0	0	0	0	0	0	1	0	0	0	66	0	1	0	0	1	0	0	0	0	5	2	100	-1	-1	160	0
1083	"Multi Shot Enhancement"	100	22	11	7	6	0	0	0	0	0	0	4	0	8	411	0	0	0	0	0	0	4	0	0	0	0	0	0	0	1	0	0	0	68	0	0	1	0	1	0	0	0	0	5	2	100	-1	-1	105	0
1085	"Focus Shot Enhancement"	160	110	12	9	7	0	0	0	1302	0	0	4	0	8	727	0	0	0	0	0	0	4	0	0	0	0	0	0	0	1	0	0	0	70	0	0	1	0	0	0	0	0	0	5	2	100	-1	-1	130	1
1087	"Gigantic Storm Enhancement"	220	110	110	11	6	0	1058	0	0	0	0	4	1	8	496	0	0	0	0	0	0	0	4	0	0	0	0	0	0	1	0	0	0	72	0	0	2	0	1	0	2	0	0	0	3	250	-1	-1	115	0
1088	"Evil Spirit Enhancement"	50	45	108	7	6	0	220	0	0	0	0	5	1	8	487	0	0	0	0	0	0	0	4	0	0	0	0	0	0	1	0	0	0	73	0	0	2	0	1	0	0	0	0	0	3	150	-1	-1	110	0
1089	"Dark Blast Enhancement"	160	120	92	17	7	0	1073	0	0	0	0	5	1	8	733	0	0	0	0	0	0	0	4	0	0	0	0	0	0	1	0	0	0	74	0	0	2	0	0	0	0	0	0	0	3	170	-1	-1	110	1
1092	"Fire Slash Enhancement"	0	80	15	20	3	0	0	596	0	0	0	5	-1	8	493	0	0	0	0	0	0	0	4	0	0	0	0	0	0	1	0	0	0	77	0	0	1	0	1	0	2	0	0	2	1	150	-1	-1	105	0
1094	"Fire Blood Enhancement"	160	330	19	28	3	0	0	900	0	0	0	1	0	8	732	0	0	0	0	0	0	0	4	0	0	0	0	0	0	1	0	0	0	79	0	0	1	0	0	0	0	0	0	2	1	750	-1	-1	105	1
1095	"Ice Blood Enhancement"	160	330	19	28	3	0	0	900	0	0	0	2	0	8	731	0	0	0	0	0	0	0	4	0	0	0	0	0	0	1	0	0	0	80	0	0	1	0	0	0	0	0	0	2	1	750	-1	-1	105	1
1096	"Fire Burst Enhancement"	74	100	25	8	6	0	79	0	0	0	0	1	1	8	508	0	0	0	0	0	0	0	0	4	0	0	0	0	0	1	0	0	0	81	0	0	1	0	0	0	0	0	0	0	1	100	-1	-1	135	0
1098	"Chaotic Diseier Enhancement"	100	190	60	17	6	0	84	0	0	0	0	5	1	8	523	0	0	0	0	0	0	0	0	4	0	0	0	0	0	1	0	0	0	83	0	0	1	0	1	0	2	0	0	0	1	150	-1	-1	105	0
1099	"Wind Soul Enhancement"	160	85	60	17	6	0	0	717	0	0	0	4	0	8	737	0	0	0	0	0	0	0	0	4	0	0	0	0	0	1	0	0	0	84	0	0	1	0	0	0	0	0	0	2	1	250	-1	-1	105	1
1102	"Fire Beast Enhancement"	160	100	95	11	7	500	1220	0	0	0	0	1	1	8	729	0	0	0	0	0	0	0	0	0	4	0	0	0	0	1	0	0	0	87	0	0	2	0	0	0	0	0	0	0	3	170	-1	-1	105	1
1103	"Lightning Shock Enhancement"	93	95	105	10	6	0	823	0	0	0	0	4	1	8	456	0	0	0	0	0	0	0	0	0	4	0	0	0	0	1	0	0	0	88	0	0	2	0	1	0	2	0	0	0	3	200	-1	-1	105	0
1105	"Aqua Beast Enhancement"	160	100	95	11	7	500	1220	0	0	0	0	2	1	8	730	0	0	0	0	0	0	0	0	0	4	0	0	0	0	1	0	0	0	90	0	0	2	0	0	0	0	0	0	0	3	170	-1	-1	105	1
1111	"Dragon Roar Enhancement"	150	0	42	17	3	700	0	0	0	0	0	3	1	8	560	0	0	0	0	0	0	0	0	0	0	4	0	0	0	1	0	0	0	96	0	0	1	0	0	0	1	0	0	7	-1	-1	-1	-1	100	0
1112	"Chain Drive Enhancement"	150	0	22	18	4	700	0	0	0	0	0	2	1	8	558	0	0	0	0	0	0	0	0	0	0	4	0	0	0	1	0	0	0	97	0	0	1	0	0	0	1	0	2	7	-1	-1	-1	-1	105	0
1113	"Dark Side Enhancement"	180	0	92	7	6	0	0	0	0	0	0	3	1	8	563	0	0	0	0	0	0	0	0	0	0	4	0	0	0	1	0	0	0	98	0	0	1	0	1	0	0	0	0	0	-1	-1	-1	-1	115	0
1117	"Magic Pin Enhancement"	30	80	40	22	3	500	0	300	300	0	0	2	-1	8	695	0	0	0	0	0	0	0	0	0	0	0	4	0	0	1	0	0	0	102	0	0	0	0	0	0	0	0	0	4	2	-1	-1	-1	100	0
1118	"Breche Enhancement"	300	400	40	23	4	500	0	0	0	0	0	1	-1	8	698	0	0	0	0	0	0	0	0	0	0	0	4	0	0	1	0	0	0	103	0	0	0	0	1	0	0	0	2	4	2	-1	-1	-1	110	0
1119	"Shining Peak Enhancement"	92	70	52	24	4	0	0	0	0	0	0	4	-1	8	699	0	0	0	0	0	0	0	0	0	0	0	4	0	0	1	0	0	0	104	0	0	1	0	1	0	0	0	0	4	1	-1	-1	-1	110	0
1125	"Poisoning Storm"	0	25000	40	30	6	0	0	0	0	0	0	0	-1	8	0	0	0	0	0	4	4	4	4	4	4	4	4	0	0	1	0	0	0	110	0	0	1	0	0	0	0	0	0	0	-1	-1	-1	-1	100	0
1126	"Freezing Slayer"	0	25000	40	30	6	0	0	0	0	0	0	0	-1	8	0	0	0	0	0	4	4	4	4	4	4	4	4	0	0	1	0	0	0	111	0	0	1	0	0	0	0	0	0	0	-1	-1	-1	-1	100	0
1127	"Bleeding Heart"	0	25000	40	30	6	0	0	0	0	0	0	0	-1	8	0	0	0	0	0	4	4	4	4	4	4	4	4	0	0	1	0	0	0	112	0	0	1	0	0	0	0	0	0	0	-1	-1	-1	-1	100	0
1128	"Shocking Boom"	0	25000	40	30	6	0	0	0	0	0	0	0	-1	8	0	0	0	0	0	4	4	4	4	4	4	4	4	0	0	1	0	0	0	113	0	0	1	0	0	0	0	0	0	0	-1	-1	-1	-1	100	0
1129	"Poisoning Storm Enhancement"	0	100	40	30	6	0	0	0	0	0	0	0	-1	8	1125	0	0	0	0	4	4	4	4	4	4	4	4	0	0	1	0	0	0	114	0	0	1	0	0	0	0	0	0	0	-1	-1	-1	-1	100	0
1130	"Freezing Slayer Enhancement"	0	100	40	30	6	0	0	0	0	0	0	0	-1	8	1126	0	0	0	0	4	4	4	4	4	4	4	4	0	0	1	0	0	0	115	0	0	1	0	0	0	0	0	0	0	-1	-1	-1	-1	100	0
1131	"Bleeding Heart Enhancement"	0	100	40	30	6	0	0	0	0	0	0	0	-1	8	1127	0	0	0	0	4	4	4	4	4	4	4	4	0	0	1	0	0	0	116	0	0	1	0	0	0	0	0	0	0	-1	-1	-1	-1	100	0
1132	"Shocking Boom Enhancement"	0	100	40	30	6	0	0	0	0	0	0	0	-1	8	1128	0	0	0	0	4	4	4	4	4	4	4	4	0	0	1	0	0	0	117	0	0	1	0	0	0	0	0	0	0	-1	-1	-1	-1	100	0
1133	"Poisoning Storm Enhancement"	0	100	40	30	6	0	0	0	0	0	0	0	-1	8	1129	0	0	0	0	4	4	4	4	4	4	4	4	0	0	1	0	0	0	118	0	0	1	0	0	0	0	0	0	0	-1	-1	-1	-1	100	0
1134	"Freezing Slayer Enhancement"	0	100	40	30	6	0	0	0	0	0	0	0	-1	8	1130	0	0	0	0	4	4	4	4	4	4	4	4	0	0	1	0	0	0	119	0	0	1	0	0	0	0	0	0	0	-1	-1	-1	-1	100	0
1135	"Bleeding Heart Enhancement"	0	100	40	30	6	0	0	0	0	0	0	0	-1	8	1131	0	0	0	0	4	4	4	4	4	4	4	4	0	0	1	0	0	0	120	0	0	1	0	0	0	0	0	0	0	-1	-1	-1	-1	100	0
1136	"Shocking Boom Enhancement"	0	100	40	30	6	0	0	0	0	0	0	0	-1	8	1132	0	0	0	0	4	4	4	4	4	4	4	4	0	0	1	0	0	0	121	0	0	1	0	0	0	0	0	0	0	-1	-1	-1	-1	100	0
1137	"Maximum Health Increase"	0	0	0	0	0	0	0	0	0	0	0	0	-1	10	0	0	0	0	0	4	4	4	4	4	4	4	4	0	0	1	0	0	0	123	1	0	0	282	0	0	0	0	0	0	-1	-1	-1	-1	100	0
1138	"Fourth Stats Increase"	0	0	0	0	0	0	0	0	0	0	0	0	-1	10	0	0	0	0	0	4	4	4	4	4	4	4	4	0	0	1	0	0	0	122	1	0	0	283	0	0	0	0	0	0	-1	-1	-1	-1	100	0
1139	"Increase Basic Armor"	0	0	0	0	0	0	0	0	0	0	0	0	-1	10	0	0	0	0	0	4	4	4	4	4	4	4	4	0	0	1	0	0	0	124	1	0	0	284	0	0	0	0	0	0	-1	-1	-1	-1	100	0
1140	"Fourth Wing Damage Increase"	0	0	0	0	0	0	0	0	0	0	0	0	-1	10	0	0	0	0	0	4	4	4	4	4	4	4	4	0	0	1	0	0	0	125	1	0	0	285	0	0	0	0	0	0	-1	-1	-1	-1	100	0
1141	"Attack Power Increase"	0	0	0	0	0	0	0	0	0	0	0	0	-1	11	0	0	0	0	0	4	4	4	4	4	4	4	4	0	0	1	0	0	0	126	1	0	0	286	0	0	0	0	0	0	-1	-1	-1	-1	100	0
1142	"Wizadry Power Increase"	0	0	0	0	0	0	0	0	0	0	0	0	-1	11	0	0	0	0	0	4	4	4	4	4	4	4	4	0	0	1	0	0	0	127	1	0	0	287	0	0	0	0	0	0	-1	-1	-1	-1	100	0
1143	"Fourth Stats Increase"	0	0	0	0	0	0	0	0	0	0	0	0	-1	11	0	0	0	0	0	4	4	4	4	4	4	4	4	0	0	1	0	0	0	122	1	0	0	288	0	0	0	0	0	0	-1	-1	-1	-1	100	0
1144	"Skill Damage Power Increase"	0	0	0	0	0	0	0	0	0	0	0	0	-1	11	0	0	0	0	0	4	4	4	4	4	4	4	4	0	0	1	0	0	0	128	1	0	0	289	0	0	0	0	0	0	-1	-1	-1	-1	100	0
1145	"Fourth Wing Damage Increase"	0	0	0	0	0	0	0	0	0	0	0	0	-1	11	0	0	0	0	0	4	4	4	4	4	4	4	4	0	0	1	0	0	0	129	1	0	0	290	0	0	0	0	0	0	-1	-1	-1	-1	100	0
1146	"Attack Damage/Wizardry Power Increase"	0	0	0	0	0	0	0	0	0	0	0	0	-1	11	0	0	0	0	0	4	4	4	4	4	4	4	4	0	0	1	0	0	0	130	1	0	0	291	0	0	0	0	0	0	-1	-1	-1	-1	100	0
1147	"Spirit Hook Skill Enhancement"	180	255	27	21	3	0	0	0	0	0	1480	2	1	8	282	0	0	0	0	0	0	0	0	0	0	4	0	0	0	0	0	0	0	134	0	0	1	0	0	0	1	0	0	7	4	10	-1	-1	105	1
end																																																			