//ID	//Name1	Name2	Opt_1stIndex_1	Opt_2ndIndex_1	Opt_1stIndex_2	Opt_2ndIndex_2	Opt_1stIndex_3	Opt_2ndIndex_3	Opt_1stIndex_4	Opt_2ndIndex_4	Opt_1stIndex_5	Opt_2ndIndex_5	Opt_1stIndex_6	Opt_2ndIndex_6	Opt_1stValue_1	Opt_2ndValue_1	Opt_1stValue_2	Opt_2ndValue_2	Opt_1stValue_3	Opt_2ndValue_3	Opt_1stValue_4	Opt_2ndValue_4	Opt_1stValue_5	Opt_2ndValue_5	Opt_1stValue_6	Opt_2ndValue_6	Opt_1stExIndex	Opt_2ndExIndex	Opt_1stExValue	Opt_2ndExValue	Flag	Full_Index_1	Full_Index_2	Full_Index_3	Full_Index_4	Full_Index_5	Full_Index_6	Full_Index_7	Full_Index_8	Full_Index_9	Full_Value_1	Full_Value_2	Full_Value_3	Full_Value_4	Full_Value_5	Full_Value_6	Full_Value_7	Full_Value_8	Full_Value_9	DW	DK	FE	MG	DL	SU	RF	GL	RW	SL	GC
0			-1	-1	-1	-1	-1	-1	-1	-1	-1	-1	-1	-1	-1	-1	-1	-1	-1	-1	-1	-1	-1	-1	-1	-1	-1	-1	-1	-1	-1	-1	-1	-1	-1	-1	-1	-1	-1	-1	-1	-1	-1	-1	-1	-1	-1	-1	-1	-1	-1	-1	-1	-1	-1	-1	-1	-1	-1	-1	
1	Warrior's	Warrior's	0	-1	19	-1	13	-1	14	-1	10	-1	1	-1	10	-1	10	-1	20	-1	5	-1	20	-1	10	-1	-1	-1	-1	-1	8	15	17	0	-1	-1	-1	-1	-1	-1	5	5	25	-1	-1	-1	-1	-1	-1	0	0	0	0	0	0	0	0	0	0	0	
2	Anonymous's	Anonymous's	11	-1	1	-1	22	-1	-1	-1	-1	-1	-1	-1	50	-1	50	-1	25	-1	-1	-1	-1	-1	-1	-1	-1	-1	-1	-1	8	8	-1	-1	-1	-1	-1	-1	-1	-1	30	-1	-1	-1	-1	-1	-1	-1	-1	0	0	0	0	0	0	0	0	0	0	0	
3	Hyperion's	Hyperion's	2	-1	1	-1	-1	-1	-1	-1	-1	-1	-1	-1	15	-1	15	-1	-1	-1	-1	-1	-1	-1	-1	-1	-1	-1	-1	-1	8	19	12	-1	-1	-1	-1	-1	-1	-1	20	30	-1	-1	-1	-1	-1	-1	-1	0	0	0	0	0	0	0	0	0	0	0	
4	Mist's	Mist's	3	-1	19	-1	-1	-1	-1	-1	-1	-1	-1	-1	20	-1	30	-1	-1	-1	-1	-1	-1	-1	-1	-1	-1	-1	-1	-1	8	20	1	-1	-1	-1	-1	-1	-1	-1	10	20	-1	-1	-1	-1	-1	-1	-1	0	0	0	0	0	0	0	0	0	0	0	
5	Eplete's	Eplete's	19	-1	9	-1	7	-1	11	-1	-1	-1	-1	-1	15	-1	50	-1	5	-1	50	-1	-1	-1	-1	-1	-1	-1	-1	-1	8	13	15	17	-1	-1	-1	-1	-1	-1	30	10	10	-1	-1	-1	-1	-1	-1	0	0	0	0	0	0	0	0	0	0	0	
6	Berserker's	Berserker's	6	-1	6	-1	6	-1	6	-1	-1	-1	-1	-1	10	-1	20	-1	30	-1	40	-1	-1	-1	-1	-1	-1	-1	-1	-1	8	19	0	-1	-1	-1	-1	-1	-1	-1	40	40	-1	-1	-1	-1	-1	-1	-1	0	0	0	0	0	0	0	0	0	0	0	
7	Garuda's	Garuda's	13	-1	20	-1	2	-1	11	-1	-1	-1	-1	-1	30	-1	5	-1	15	-1	50	-1	-1	-1	-1	-1	-1	-1	-1	-1	8	19	7	-1	-1	-1	-1	-1	-1	-1	25	15	-1	-1	-1	-1	-1	-1	-1	0	0	0	0	0	0	0	0	0	0	0	
8	Cloud's	Cloud's	15	-1	-1	-1	-1	-1	-1	-1	-1	-1	-1	-1	20	-1	-1	-1	-1	-1	-1	-1	-1	-1	-1	-1	-1	-1	-1	-1	8	16	-1	-1	-1	-1	-1	-1	-1	-1	50	-1	-1	-1	-1	-1	-1	-1	-1	0	0	0	0	0	0	0	0	0	0	0	
9	Kantata's	Kantata's	2	-1	3	-1	7	-1	0	-1	-1	-1	-1	-1	15	-1	30	-1	10	-1	15	-1	-1	-1	-1	-1	-1	-1	-1	-1	8	19	17	18	-1	-1	-1	-1	-1	-1	25	10	20	-1	-1	-1	-1	-1	-1	0	0	0	0	0	0	0	0	0	0	0	
10	Rave's	Rave's	19	-1	20	-1	-1	-1	-1	-1	-1	-1	-1	-1	20	-1	10	-1	-1	-1	-1	-1	-1	-1	-1	-1	-1	-1	-1	-1	8	23	21	-1	-1	-1	-1	-1	-1	-1	30	5	-1	-1	-1	-1	-1	-1	-1	0	0	0	0	0	0	0	0	0	0	0	
11	Hyon's	Hyon's	10	-1	20	-1	19	-1	-1	-1	-1	-1	-1	-1	25	-1	10	-1	20	-1	-1	-1	-1	-1	-1	-1	-1	-1	-1	-1	8	15	17	16	18	-1	-1	-1	-1	-1	15	15	20	20	-1	-1	-1	-1	-1	0	0	0	0	0	0	0	0	0	0	0	
12	Vicious's	Vicious's	19	-1	8	-1	20	-1	-1	-1	-1	-1	-1	-1	15	-1	15	-1	10	-1	-1	-1	-1	-1	-1	-1	-1	-1	-1	-1	8	5	6	21	-1	-1	-1	-1	-1	-1	20	30	5	-1	-1	-1	-1	-1	-1	0	0	0	0	0	0	0	0	0	0	0	
13	Apollo's	Apollo's	2	-1	7	-1	19	-1	12	-1	11	-1	13	-1	10	-1	5	-1	10	-1	30	-1	30	-1	20	-1	-1	-1	-1	-1	8	15	17	2	-1	-1	-1	-1	-1	-1	10	10	30	-1	-1	-1	-1	-1	-1	0	0	0	0	0	0	0	0	0	0	0	
14	Barnake's	Barnake's	7	-1	2	-1	-1	-1	-1	-1	-1	-1	-1	-1	10	-1	20	-1	-1	-1	-1	-1	-1	-1	-1	-1	-1	-1	-1	-1	8	19	12	-1	-1	-1	-1	-1	-1	-1	30	100	-1	-1	-1	-1	-1	-1	-1	0	0	0	0	0	0	0	0	0	0	0	
15	Evis's	Evis's	19	-1	3	-1	7	-1	-1	-1	-1	-1	-1	-1	15	-1	20	-1	10	-1	-1	-1	-1	-1	-1	-1	-1	-1	-1	-1	8	20	9	14	-1	-1	-1	-1	-1	-1	5	50	5	-1	-1	-1	-1	-1	-1	0	0	0	0	0	0	0	0	0	0	0	
16	Sylion's	Sylion's	20	-1	15	-1	10	-1	-1	-1	-1	-1	-1	-1	5	-1	5	-1	20	-1	-1	-1	-1	-1	-1	-1	-1	-1	-1	-1	8	0	1	3	2	-1	-1	-1	-1	-1	50	50	50	50	-1	-1	-1	-1	-1	0	0	0	0	0	0	0	0	0	0	0	
17	Heras's	Heras's	0	-1	7	-1	22	-1	2	-1	9	-1	-1	-1	15	-1	10	-1	5	-1	15	-1	50	-1	-1	-1	-1	-1	-1	-1	8	15	17	11	12	-1	-1	-1	-1	-1	10	10	50	50	-1	-1	-1	-1	-1	0	0	0	0	0	0	0	0	0	0	0	
18	Minet's	Minet's	2	-1	10	-1	-1	-1	-1	-1	-1	-1	-1	-1	30	-1	30	-1	-1	-1	-1	-1	-1	-1	-1	-1	-1	-1	-1	-1	8	12	19	-1	-1	-1	-1	-1	-1	-1	100	15	-1	-1	-1	-1	-1	-1	-1	0	0	0	0	0	0	0	0	0	0	0	
19	Anubis's	Anubis's	20	-1	12	-1	7	-1	-1	-1	-1	-1	-1	-1	10	-1	50	-1	10	-1	-1	-1	-1	-1	-1	-1	-1	-1	-1	-1	8	15	17	16	18	-1	-1	-1	-1	-1	15	15	20	20	-1	-1	-1	-1	-1	0	0	0	0	0	0	0	0	0	0	0	
20	Enis	Enis	19	-1	20	-1	2	-1	-1	-1	-1	-1	-1	-1	10	-1	10	-1	30	-1	-1	-1	-1	-1	-1	-1	-1	-1	-1	-1	8	7	21	-1	-1	-1	-1	-1	-1	-1	10	5	-1	-1	-1	-1	-1	-1	-1	0	0	0	0	0	0	0	0	0	0	0	
21	Ceto's	Ceto's	1	-1	11	-1	10	-1	22	-1	2	-1	-1	-1	10	-1	50	-1	20	-1	5	-1	10	-1	-1	-1	-1	-1	-1	-1	8	11	0	-1	-1	-1	-1	-1	-1	-1	50	20	-1	-1	-1	-1	-1	-1	-1	0	0	0	0	0	0	0	0	0	0	0	
22	Drake's	Drake's	1	-1	8	-1	20	-1	-1	-1	-1	-1	-1	-1	20	-1	25	-1	20	-1	-1	-1	-1	-1	-1	-1	-1	-1	-1	-1	8	10	15	-1	-1	-1	-1	-1	-1	-1	40	10	-1	-1	-1	-1	-1	-1	-1	0	0	0	0	0	0	0	0	0	0	0	
23	Gaia's	Gaia's	19	-1	12	-1	0	-1	20	-1	-1	-1	-1	-1	10	-1	25	-1	10	-1	5	-1	-1	-1	-1	-1	-1	-1	-1	-1	8	1	17	18	-1	-1	-1	-1	-1	-1	30	10	10	-1	-1	-1	-1	-1	-1	0	0	0	0	0	0	0	0	0	0	0	
24	Fase's	Fase's	11	-1	12	-1	-1	-1	-1	-1	-1	-1	-1	-1	100	-1	100	-1	-1	-1	-1	-1	-1	-1	-1	-1	-1	-1	-1	-1	8	10	-1	-1	-1	-1	-1	-1	-1	-1	100	-1	-1	-1	-1	-1	-1	-1	-1	0	0	0	0	0	0	0	0	0	0	0	
25	Odin's	Odin's	2	-1	11	-1	9	-1	1	-1	-1	-1	-1	-1	15	-1	50	-1	50	-1	30	-1	-1	-1	-1	-1	-1	-1	-1	-1	8	12	21	13	-1	-1	-1	-1	-1	-1	50	5	50	-1	-1	-1	-1	-1	-1	0	0	0	0	0	0	0	0	0	0	0	
26	Elvian's	Elvian's	1	-1	-1	-1	-1	-1	-1	-1	-1	-1	-1	-1	30	-1	-1	-1	-1	-1	-1	-1	-1	-1	-1	-1	-1	-1	-1	-1	8	21	-1	-1	-1	-1	-1	-1	-1	-1	5	-1	-1	-1	-1	-1	-1	-1	-1	0	0	0	0	0	0	0	0	0	0	0	
27	Argo's	Argo's	6	-1	19	-1	-1	-1	-1	-1	-1	-1	-1	-1	20	-1	25	-1	-1	-1	-1	-1	-1	-1	-1	-1	-1	-1	-1	-1	8	13	20	-1	-1	-1	-1	-1	-1	-1	50	5	-1	-1	-1	-1	-1	-1	-1	0	0	0	0	0	0	0	0	0	0	0	
28	Karis's	Karis's	19	-1	20	-1	-1	-1	-1	-1	-1	-1	-1	-1	15	-1	10	-1	-1	-1	-1	-1	-1	-1	-1	-1	-1	-1	-1	-1	8	15	1	-1	-1	-1	-1	-1	-1	-1	10	40	-1	-1	-1	-1	-1	-1	-1	0	0	0	0	0	0	0	0	0	0	0	
29	Gywen's	Gywen's	1	-1	5	-1	10	-1	6	-1	-1	-1	-1	-1	30	-1	20	20	20	-1	20	-1	-1	-1	-1	-1	-1	-1	-1	-1	8	15	17	16	18	-1	-1	-1	-1	-1	15	15	20	20	-1	-1	-1	-1	-1	0	0	0	0	0	0	0	0	0	0	0	
30	Aruan's	Aruan's	8	-1	20	-1	19	-1	-1	-1	-1	-1	-1	-1	10	-1	10	-1	20	-1	-1	-1	-1	-1	-1	-1	-1	-1	-1	-1	8	15	17	21	-1	-1	-1	-1	-1	-1	15	15	5	-1	-1	-1	-1	-1	-1	0	0	0	0	0	0	0	0	0	0	0	
31	Gaion's	Gaion's	21	-1	20	-1	19	-1	-1	-1	-1	-1	-1	-1	5	-1	15	-1	15	-1	-1	-1	-1	-1	-1	-1	-1	-1	-1	-1	8	17	18	7	0	-1	-1	-1	-1	-1	15	30	10	30	-1	-1	-1	-1	-1	0	0	0	0	0	0	0	0	0	0	0	
32	Muren's	Muren's	19	-1	7	-1	20	-1	-1	-1	-1	-1	-1	-1	10	-1	10	-1	10	-1	-1	-1	-1	-1	-1	-1	-1	-1	-1	-1	8	15	17	10	23	-1	-1	-1	-1	-1	15	15	25	20	-1	-1	-1	-1	-1	0	0	0	0	0	0	0	0	0	0	0	
33	Agnis's	Agnis's	20	-1	10	-1	19	-1	-1	-1	-1	-1	-1	-1	10	-1	40	-1	20	-1	-1	-1	-1	-1	-1	-1	-1	-1	-1	-1	8	15	17	16	18	-1	-1	-1	-1	-1	15	15	20	20	-1	-1	-1	-1	-1	0	0	0	0	0	0	0	0	0	0	0	
34	Broy's	Broy's	8	-1	19	-1	2	-1	-1	-1	-1	-1	-1	-1	20	-1	20	-1	30	-1	-1	-1	-1	-1	-1	-1	-1	-1	-1	-1	8	15	17	21	4	-1	-1	-1	-1	-1	15	15	5	30	-1	-1	-1	-1	-1	0	0	0	0	0	0	0	0	0	0	0	
35	Chrono's	Chrono's	20	-1	10	-1	19	-1	-1	-1	-1	-1	-1	-1	20	-1	60	-1	30	-1	-1	-1	-1	-1	-1	-1	-1	-1	-1	-1	8	15	17	16	18	-1	-1	-1	-1	-1	15	15	20	20	-1	-1	-1	-1	-1	0	0	0	0	0	0	0	0	0	0	0	
36	Semeden's	Semeden's	7	-1	19	-1	2	-1	-1	-1	-1	-1	-1	-1	15	-1	25	-1	30	-1	-1	-1	-1	-1	-1	-1	-1	-1	-1	-1	8	15	17	21	-1	-1	-1	-1	-1	-1	15	15	5	-1	-1	-1	-1	-1	-1	0	0	0	0	0	0	0	0	0	0	0	
37	Vega's	Vega's	9	-1	3	-1	6	-1	-1	-1	-1	-1	-1	-1	50	-1	50	-1	30	-1	-1	-1	-1	-1	-1	-1	-1	-1	-1	-1	8	17	20	21	-1	-1	-1	-1	-1	-1	15	5	5	-1	-1	-1	-1	-1	-1	0	0	0	0	0	0	0	0	0	0	0	
38	Chamer's	Chamer's	10	-1	20	-1	8	-1	-1	-1	-1	-1	-1	-1	50	-1	5	-1	30	-1	-1	-1	-1	-1	-1	-1	-1	-1	-1	-1	8	16	17	19	18	-1	-1	-1	-1	-1	30	15	30	20	-1	-1	-1	-1	-1	0	0	0	0	0	0	0	0	0	0	0	
39	Moros's	Moros's	11	-1	19	-1	10	-1	20	-1	-1	-1	-1	-1	30	-1	25	-1	20	-1	10	-1	-1	-1	-1	-1	-1	-1	-1	-1	8	15	17	16	18	-1	-1	-1	-1	-1	10	10	10	10	-1	-1	-1	-1	-1	0	0	0	0	0	0	0	0	0	0	0	
40	Dione's	Dione's	11	-1	19	-1	10	-1	20	-1	-1	-1	-1	-1	30	-1	25	-1	20	-1	10	-1	-1	-1	-1	-1	-1	-1	-1	-1	8	15	17	16	18	-1	-1	-1	-1	-1	10	10	10	10	-1	-1	-1	-1	-1	0	0	0	0	0	0	0	0	0	0	0	
41	Hades's	Hades's	11	-1	19	-1	10	-1	20	-1	-1	-1	-1	-1	30	-1	25	-1	20	-1	10	-1	-1	-1	-1	-1	-1	-1	-1	-1	8	15	17	16	18	-1	-1	-1	-1	-1	10	10	10	10	-1	-1	-1	-1	-1	0	0	0	0	0	0	0	0	0	0	0	
42	Ophion's	Ophion's	11	-1	19	-1	10	-1	20	-1	-1	-1	-1	-1	30	-1	25	-1	20	-1	10	-1	-1	-1	-1	-1	-1	-1	-1	-1	8	15	17	16	18	-1	-1	-1	-1	-1	10	10	10	10	-1	-1	-1	-1	-1	0	0	0	0	0	0	0	0	0	0	0	
43	Meter's	Meter's	11	-1	10	-1	20	-1	15	-1	-1	-1	-1	-1	50	-1	40	-1	15	-1	15	-1	-1	-1	-1	-1	-1	-1	-1	-1	8	17	16	18	21	-1	-1	-1	-1	-1	15	20	20	5	-1	-1	-1	-1	-1	0	0	0	0	0	0	0	0	0	0	0	
44	Hegaton's	Hegaton's	11	-1	10	-1	20	-1	15	-1	-1	-1	-1	-1	50	-1	40	-1	15	-1	15	-1	-1	-1	-1	-1	-1	-1	-1	-1	8	17	16	18	21	-1	-1	-1	-1	-1	15	20	20	5	-1	-1	-1	-1	-1	0	0	0	0	0	0	0	0	0	0	0	
45	Castol's	Castol's	11	-1	10	-1	20	-1	15	-1	-1	-1	-1	-1	50	-1	40	-1	15	-1	15	-1	-1	-1	-1	-1	-1	-1	-1	-1	8	17	16	18	21	-1	-1	-1	-1	-1	15	20	20	5	-1	-1	-1	-1	-1	0	0	0	0	0	0	0	0	0	0	0	
46	Taros's	Taros's	11	-1	10	-1	20	-1	15	-1	-1	-1	-1	-1	50	-1	40	-1	15	-1	15	-1	-1	-1	-1	-1	-1	-1	-1	-1	8	17	16	18	21	-1	-1	-1	-1	-1	15	20	20	5	-1	-1	-1	-1	-1	0	0	0	0	0	0	0	0	0	0	0	
47	Nemesis's	Nemesis's	11	-1	10	-1	20	-1	15	-1	-1	-1	-1	-1	50	-1	40	-1	15	-1	15	-1	-1	-1	-1	-1	-1	-1	-1	-1	8	17	16	18	21	-1	-1	-1	-1	-1	15	20	20	5	-1	-1	-1	-1	-1	0	0	0	0	0	0	0	0	0	0	0	
48	Amis's	Amis's	11	-1	10	-1	20	-1	-1	-1	-1	-1	-1	-1	50	-1	40	-1	15	-1	-1	-1	-1	-1	-1	-1	-1	-1	-1	-1	8	15	17	16	18	21	-1	-1	-1	-1	15	15	20	20	5	-1	-1	-1	-1	0	0	0	0	0	0	0	0	0	0	0	
49	Trite's	Trite's	11	-1	10	-1	20	-1	-1	-1	-1	-1	-1	-1	50	-1	40	-1	15	-1	-1	-1	-1	-1	-1	-1	-1	-1	-1	-1	8	15	17	16	18	21	-1	-1	-1	-1	15	15	20	20	5	-1	-1	-1	-1	0	0	0	0	0	0	0	0	0	0	0	
50	Mahes's	Mahes's	11	-1	-1	-1	-1	-1	-1	-1	-1	-1	-1	-1	100	-1	-1	-1	-1	-1	-1	-1	-1	-1	-1	-1	-1	-1	-1	-1	8	21	22	-1	-1	-1	-1	-1	-1	-1	6	17	-1	-1	-1	-1	-1	-1	-1	0	0	0	0	0	0	0	0	0	0	0	
51	Bes's	Bes's	2	-1	-1	-1	-1	-1	-1	-1	-1	-1	-1	-1	200	-1	-1	-1	-1	-1	-1	-1	-1	-1	-1	-1	-1	-1	-1	-1	8	7	19	-1	-1	-1	-1	-1	-1	-1	9	80	-1	-1	-1	-1	-1	-1	-1	0	0	0	0	0	0	0	0	0	0	0	
52	Serket's	Serket's	1	-1	-1	-1	-1	-1	-1	-1	-1	-1	-1	-1	40	-1	-1	-1	-1	-1	-1	-1	-1	-1	-1	-1	-1	-1	-1	-1	8	10	8	-1	-1	-1	-1	-1	-1	-1	90	40	-1	-1	-1	-1	-1	-1	-1	0	0	0	0	0	0	0	0	0	0	0	
53	Apis's	Apis's	0	-1	-1	-1	-1	-1	-1	-1	-1	-1	-1	-1	60	-1	-1	-1	-1	-1	-1	-1	-1	-1	-1	-1	-1	-1	-1	-1	8	16	18	-1	-1	-1	-1	-1	-1	-1	40	40	-1	-1	-1	-1	-1	-1	-1	0	0	0	0	0	0	0	0	0	0	0	
54	Khons's	Khons's	11	-1	-1	-1	-1	-1	-1	-1	-1	-1	-1	-1	200	-1	-1	-1	-1	-1	-1	-1	-1	-1	-1	-1	-1	-1	-1	-1	8	15	17	-1	-1	-1	-1	-1	-1	-1	3	3	-1	-1	-1	-1	-1	-1	-1	0	0	0	0	0	0	0	0	0	0	0	
55	Hapy's	Hapy's	1	-1	-1	-1	-1	-1	-1	-1	-1	-1	-1	-1	10	-1	-1	-1	-1	-1	-1	-1	-1	-1	-1	-1	-1	-1	-1	-1	8	21	10	-1	-1	-1	-1	-1	-1	-1	1	40	-1	-1	-1	-1	-1	-1	-1	0	0	0	0	0	0	0	0	0	0	0	
56	Horus's	Horus's	5	-1	-1	-1	-1	-1	-1	-1	-1	-1	-1	-1	80	-1	-1	-1	-1	-1	-1	-1	-1	-1	-1	-1	-1	-1	-1	-1	8	19	20	-1	-1	-1	-1	-1	-1	-1	60	4	-1	-1	-1	-1	-1	-1	-1	0	0	0	0	0	0	0	0	0	0	0	
57	Bragi's	Bragi's	0	-1	0	-1	0	-1	11	-1	-1	-1	-1	-1	10	-1	20	-1	30	-1	50	-1	-1	-1	-1	-1	-1	-1	-1	-1	8	5	23	20	19	-1	-1	-1	-1	-1	30	6	3	50	-1	-1	-1	-1	-1	0	0	0	0	0	0	0	0	0	0	0	
58	Alvis's	Alvis's	20	-1	20	-1	20	-1	2	-1	-1	-1	-1	-1	1	-1	2	-1	3	-1	10	-1	-1	-1	-1	-1	-1	-1	-1	-1	8	21	15	17	22	-1	-1	-1	-1	-1	1	8	8	8	-1	-1	-1	-1	-1	0	0	0	0	0	0	0	0	0	0	0	
59	Frigg's	Frigg's	5	-1	6	-1	5	-1	6	-1	-1	-1	-1	-1	40	-1	40	-1	50	-1	50	-1	-1	-1	-1	-1	-1	-1	-1	-1	8	15	17	11	10	-1	-1	-1	-1	-1	7	7	50	20	-1	-1	-1	-1	-1	0	0	0	0	0	0	0	0	0	0	0	
60	Tyr's	Tyr's	0	-1	1	-1	2	-1	3	-1	-1	-1	-1	-1	20	-1	20	-1	20	-1	20	-1	-1	-1	-1	-1	-1	-1	-1	-1	8	20	7	23	17	-1	-1	-1	-1	-1	1	1	6	12	-1	-1	-1	-1	-1	0	0	0	0	0	0	0	0	0	0	0	
61	Surt's	Surt's	22	-1	10	-1	0	-1	11	-1	-1	-1	-1	-1	2	-1	20	-1	30	-1	70	-1	-1	-1	-1	-1	-1	-1	-1	-1	8	19	16	15	2	-1	-1	-1	-1	-1	40	80	11	60	-1	-1	-1	-1	-1	0	0	0	0	0	0	0	0	0	0	0	
62	Elune's	Elune's	17	-1	17	-1	17	-1	20	-1	-1	-1	-1	-1	8	-1	9	-1	10	-1	12	-1	-1	-1	-1	-1	-1	-1	-1	-1	8	19	10	12	7	-1	-1	-1	-1	-1	80	40	200	13	-1	-1	-1	-1	-1	0	0	0	0	0	0	0	0	0	0	0	
63	Magni's	Magni's	6	-1	6	-1	6	-1	11	-1	-1	-1	-1	-1	5	-1	10	-1	15	-1	100	-1	-1	-1	-1	-1	-1	-1	-1	-1	8	10	18	17	8	-1	-1	-1	-1	-1	50	10	8	60	-1	-1	-1	-1	-1	0	0	0	0	0	0	0	0	0	0	0	
64			-1	-1	-1	-1	-1	-1	-1	-1	-1	-1	-1	-1	-1	-1	-1	-1	-1	-1	-1	-1	-1	-1	-1	-1	-1	-1	-1	-1	-1	-1	-1	-1	-1	-1	-1	-1	-1	-1	-1	-1	-1	-1	-1	-1	-1	-1	-1	-1	-1	-1	-1	-1	-1	-1	-1	-1	-1	-1	
65			-1	-1	-1	-1	-1	-1	-1	-1	-1	-1	-1	-1	-1	-1	-1	-1	-1	-1	-1	-1	-1	-1	-1	-1	-1	-1	-1	-1	-1	-1	-1	-1	-1	-1	-1	-1	-1	-1	-1	-1	-1	-1	-1	-1	-1	-1	-1	-1	-1	-1	-1	-1	-1	-1	-1	-1	-1	-1	
66			-1	-1	-1	-1	-1	-1	-1	-1	-1	-1	-1	-1	-1	-1	-1	-1	-1	-1	-1	-1	-1	-1	-1	-1	-1	-1	-1	-1	-1	-1	-1	-1	-1	-1	-1	-1	-1	-1	-1	-1	-1	-1	-1	-1	-1	-1	-1	-1	-1	-1	-1	-1	-1	-1	-1	-1	-1	-1	
67			-1	-1	-1	-1	-1	-1	-1	-1	-1	-1	-1	-1	-1	-1	-1	-1	-1	-1	-1	-1	-1	-1	-1	-1	-1	-1	-1	-1	-1	-1	-1	-1	-1	-1	-1	-1	-1	-1	-1	-1	-1	-1	-1	-1	-1	-1	-1	-1	-1	-1	-1	-1	-1	-1	-1	-1	-1	-1	
68			-1	-1	-1	-1	-1	-1	-1	-1	-1	-1	-1	-1	-1	-1	-1	-1	-1	-1	-1	-1	-1	-1	-1	-1	-1	-1	-1	-1	-1	-1	-1	-1	-1	-1	-1	-1	-1	-1	-1	-1	-1	-1	-1	-1	-1	-1	-1	-1	-1	-1	-1	-1	-1	-1	-1	-1	-1	-1	
69			-1	-1	-1	-1	-1	-1	-1	-1	-1	-1	-1	-1	-1	-1	-1	-1	-1	-1	-1	-1	-1	-1	-1	-1	-1	-1	-1	-1	-1	-1	-1	-1	-1	-1	-1	-1	-1	-1	-1	-1	-1	-1	-1	-1	-1	-1	-1	-1	-1	-1	-1	-1	-1	-1	-1	-1	-1	-1	
70			-1	-1	-1	-1	-1	-1	-1	-1	-1	-1	-1	-1	-1	-1	-1	-1	-1	-1	-1	-1	-1	-1	-1	-1	-1	-1	-1	-1	-1	-1	-1	-1	-1	-1	-1	-1	-1	-1	-1	-1	-1	-1	-1	-1	-1	-1	-1	-1	-1	-1	-1	-1	-1	-1	-1	-1	-1	-1	
71	Dorov's	Dorov's	8	19	11	12	22	-1	-1	-1	-1	-1	-1	-1	20	20	100	100	5	-1	-1	-1	-1	-1	-1	-1	-1	-1	-1	-1	8	15	17	-1	-1	-1	-1	-1	-1	-1	10	10	-1	-1	-1	-1	-1	-1	-1	0	0	0	0	0	0	0	0	0	0	0	
72	Anas's	Anas's	19	-1	10	-1	20	-1	-1	-1	-1	-1	-1	-1	20	-1	40	-1	10	-1	-1	-1	-1	-1	-1	-1	-1	-1	-1	-1	8	8	15	17	22	-1	-1	-1	-1	-1	20	15	15	5	-1	-1	-1	-1	-1	0	0	0	0	0	0	0	0	0	0	0	
73	Akhir's	Akhir's	19	-1	0	-1	18	-1	-1	-1	-1	-1	-1	-1	30	-1	30	-1	20	-1	-1	-1	-1	-1	-1	-1	-1	-1	-1	-1	8	16	15	17	21	-1	-1	-1	-1	-1	20	15	15	5	-1	-1	-1	-1	-1	0	0	0	0	0	0	0	0	0	0	0	
74	Camill's	Camill's	5	-1	6	-1	20	-1	-1	-1	-1	-1	-1	-1	30	-1	50	-1	10	-1	-1	-1	-1	-1	-1	-1	-1	-1	-1	-1	8	8	15	17	22	-1	-1	-1	-1	-1	20	15	15	5	-1	-1	-1	-1	-1	0	0	0	0	0	0	0	0	0	0	0	
75	Carthy's	Carthy's	19	-1	1	-1	18	-1	-1	-1	-1	-1	-1	-1	30	-1	30	-1	20	-1	-1	-1	-1	-1	-1	-1	-1	-1	-1	-1	8	16	15	17	21	-1	-1	-1	-1	-1	20	15	15	5	-1	-1	-1	-1	-1	0	0	0	0	0	0	0	0	0	0	0	
76	Dria's	Dria's	11	-1	19	-1	10	-1	20	-1	-1	-1	-1	-1	30	-1	25	-1	20	-1	10	-1	-1	-1	-1	-1	-1	-1	-1	-1	8	15	17	16	18	-1	-1	-1	-1	-1	10	10	10	10	-1	-1	-1	-1	-1	0	0	0	0	0	0	0	0	0	0	0	
77	Deruff's	Deruff's	11	-1	10	-1	20	-1	15	-1	-1	-1	-1	-1	50	-1	40	-1	15	-1	15	-1	-1	-1	-1	-1	-1	-1	-1	-1	8	17	16	18	21	-1	-1	-1	-1	-1	15	20	20	5	-1	-1	-1	-1	-1	0	0	0	0	0	0	0	0	0	0	0	
78	Fury's	Fury's	19	0	20	26	15	17	-1	-1	-1	-1	-1	-1	25	50	10	50	15	15	-1	-1	-1	-1	-1	-1	-1	-1	-1	-1	8	21	24	25	16	18	-1	-1	-1	-1	5	10	20	30	30	-1	-1	-1	-1	0	0	0	0	0	0	0	0	0	0	0	
79			-1	-1	-1	-1	-1	-1	-1	-1	-1	-1	-1	-1	-1	-1	-1	-1	-1	-1	-1	-1	-1	-1	-1	-1	-1	-1	-1	-1	-1	-1	-1	-1	-1	-1	-1	-1	-1	-1	-1	-1	-1	-1	-1	-1	-1	-1	-1	-1	-1	-1	-1	-1	-1	-1	-1	-1	-1	-1	
80	Transcendence's	Transcendence's	19	2	20	27	15	17	-1	-1	-1	-1	-1	-1	25	50	10	50	15	15	-1	-1	-1	-1	-1	-1	-1	-1	-1	-1	8	21	24	25	16	18	-1	-1	-1	-1	5	10	20	30	30	-1	-1	-1	-1	0	0	0	0	0	0	0	0	0	0	0	
81			-1	-1	-1	-1	-1	-1	-1	-1	-1	-1	-1	-1	-1	-1	-1	-1	-1	-1	-1	-1	-1	-1	-1	-1	-1	-1	-1	-1	-1	-1	-1	-1	-1	-1	-1	-1	-1	-1	-1	-1	-1	-1	-1	-1	-1	-1	-1	-1	-1	-1	-1	-1	-1	-1	-1	-1	-1	-1	
82	Flurry's	Flurry's	19	1	20	26	15	17	-1	-1	-1	-1	-1	-1	25	50	10	50	15	15	-1	-1	-1	-1	-1	-1	-1	-1	-1	-1	8	21	24	25	16	18	-1	-1	-1	-1	5	10	20	30	30	-1	-1	-1	-1	0	0	0	0	0	0	0	0	0	0	0	
83			-1	-1	-1	-1	-1	-1	-1	-1	-1	-1	-1	-1	-1	-1	-1	-1	-1	-1	-1	-1	-1	-1	-1	-1	-1	-1	-1	-1	-1	-1	-1	-1	-1	-1	-1	-1	-1	-1	-1	-1	-1	-1	-1	-1	-1	-1	-1	-1	-1	-1	-1	-1	-1	-1	-1	-1	-1	-1	
84	Honor's	Honor's	19	2	20	33	15	17	-1	-1	-1	-1	-1	-1	25	50	10	50	15	15	-1	-1	-1	-1	-1	-1	-1	-1	-1	-1	8	21	24	25	16	18	-1	-1	-1	-1	5	10	20	30	30	-1	-1	-1	-1	0	0	0	0	0	0	0	0	0	0	0	
85			-1	-1	-1	-1	-1	-1	-1	-1	-1	-1	-1	-1	-1	-1	-1	-1	-1	-1	-1	-1	-1	-1	-1	-1	-1	-1	-1	-1	-1	-1	-1	-1	-1	-1	-1	-1	-1	-1	-1	-1	-1	-1	-1	-1	-1	-1	-1	-1	-1	-1	-1	-1	-1	-1	-1	-1	-1	-1	
86	Extremity's	Extremity's	19	0	20	26	15	17	-1	-1	-1	-1	-1	-1	25	50	10	50	15	15	-1	-1	-1	-1	-1	-1	-1	-1	-1	-1	8	21	24	25	16	18	-1	-1	-1	-1	5	10	20	30	30	-1	-1	-1	-1	0	0	0	0	0	0	0	0	0	0	0	
87			-1	-1	-1	-1	-1	-1	-1	-1	-1	-1	-1	-1	-1	-1	-1	-1	-1	-1	-1	-1	-1	-1	-1	-1	-1	-1	-1	-1	-1	-1	-1	-1	-1	-1	-1	-1	-1	-1	-1	-1	-1	-1	-1	-1	-1	-1	-1	-1	-1	-1	-1	-1	-1	-1	-1	-1	-1	-1	
88	Conquest's	Conquest's	19	0	20	26	15	17	-1	-1	-1	-1	-1	-1	25	50	10	50	15	15	-1	-1	-1	-1	-1	-1	-1	-1	-1	-1	8	21	24	25	16	18	-1	-1	-1	-1	5	10	20	30	30	-1	-1	-1	-1	0	0	0	0	0	0	0	0	0	0	0	
89			-1	-1	-1	-1	-1	-1	-1	-1	-1	-1	-1	-1	-1	-1	-1	-1	-1	-1	-1	-1	-1	-1	-1	-1	-1	-1	-1	-1	-1	-1	-1	-1	-1	-1	-1	-1	-1	-1	-1	-1	-1	-1	-1	-1	-1	-1	-1	-1	-1	-1	-1	-1	-1	-1	-1	-1	-1	-1	
90	Destruction's	Destruction's	19	0	20	26	15	17	-1	-1	-1	-1	-1	-1	25	50	10	50	15	15	-1	-1	-1	-1	-1	-1	-1	-1	-1	-1	8	21	24	25	16	18	-1	-1	-1	-1	5	10	20	30	30	-1	-1	-1	-1	0	0	0	0	0	0	0	0	0	0	0	
91			-1	-1	-1	-1	-1	-1	-1	-1	-1	-1	-1	-1	-1	-1	-1	-1	-1	-1	-1	-1	-1	-1	-1	-1	-1	-1	-1	-1	-1	-1	-1	-1	-1	-1	-1	-1	-1	-1	-1	-1	-1	-1	-1	-1	-1	-1	-1	-1	-1	-1	-1	-1	-1	-1	-1	-1	-1	-1	
92	Tenacity's	Tenacity's	19	0	20	26	15	17	-1	-1	-1	-1	-1	-1	25	50	10	50	15	15	-1	-1	-1	-1	-1	-1	-1	-1	-1	-1	8	21	24	25	16	18	-1	-1	-1	-1	5	10	20	30	30	-1	-1	-1	-1	0	0	0	0	0	0	0	0	0	0	0	
93			-1	-1	-1	-1	-1	-1	-1	-1	-1	-1	-1	-1	-1	-1	-1	-1	-1	-1	-1	-1	-1	-1	-1	-1	-1	-1	-1	-1	-1	-1	-1	-1	-1	-1	-1	-1	-1	-1	-1	-1	-1	-1	-1	-1	-1	-1	-1	-1	-1	-1	-1	-1	-1	-1	-1	-1	-1	-1	
94	Novice Knight	Novice Knight	19	-1	8	-1	20	-1	26	-1	-1	-1	-1	-1	5	-1	7	-1	1	-1	30	-1	-1	-1	-1	-1	-1	-1	-1	-1	8	25	-1	-1	-1	-1	-1	-1	-1	-1	20	-1	-1	-1	-1	-1	-1	-1	-1	0	0	0	0	0	0	0	0	0	0	0	
95	Knight	Knight	19	-1	8	-1	20	-1	26	-1	-1	-1	-1	-1	7	-1	10	-1	3	-1	50	-1	-1	-1	-1	-1	-1	-1	-1	-1	8	25	21	-1	-1	-1	-1	-1	-1	-1	40	3	-1	-1	-1	-1	-1	-1	-1	0	0	0	0	0	0	0	0	0	0	0	
96	Novice Magician	Novice Magician	7	-1	19	-1	20	-1	27	-1	-1	-1	-1	-1	7	-1	7	-1	1	-1	30	-1	-1	-1	-1	-1	-1	-1	-1	-1	8	25	-1	-1	-1	-1	-1	-1	-1	-1	20	-1	-1	-1	-1	-1	-1	-1	-1	0	0	0	0	0	0	0	0	0	0	0	
97	Magician	Magician	7	-1	19	-1	20	-1	27	-1	-1	-1	-1	-1	10	-1	10	-1	3	-1	50	-1	-1	-1	-1	-1	-1	-1	-1	-1	8	25	21	-1	-1	-1	-1	-1	-1	-1	40	3	-1	-1	-1	-1	-1	-1	-1	0	0	0	0	0	0	0	0	0	0	0	
98	Novice Elf	Novice Elf	19	-1	8	-1	20	-1	26	-1	-1	-1	-1	-1	5	-1	7	-1	1	-1	30	-1	-1	-1	-1	-1	-1	-1	-1	-1	8	25	-1	-1	-1	-1	-1	-1	-1	-1	20	-1	-1	-1	-1	-1	-1	-1	-1	0	0	0	0	0	0	0	0	0	0	0	
99	Elf	Elf	19	-1	8	-1	20	-1	26	-1	-1	-1	-1	-1	7	-1	10	-1	3	-1	50	-1	-1	-1	-1	-1	-1	-1	-1	-1	8	25	21	-1	-1	-1	-1	-1	-1	-1	40	3	-1	-1	-1	-1	-1	-1	-1	0	0	0	0	0	0	0	0	0	0	0	
100	Novice Magic Gladiator	Novice Magic Gladiator	8	-1	19	-1	20	-1	-1	-1	-1	-1	-1	-1	7	-1	5	-1	1	-1	-1	-1	-1	-1	-1	-1	-1	-1	-1	-1	8	26	27	25	-1	-1	-1	-1	-1	-1	30	30	20	-1	-1	-1	-1	-1	-1	0	0	0	0	0	0	0	0	0	0	0	
101	Magic Gladiator	Magic Gladiator	8	-1	19	-1	20	-1	-1	-1	-1	-1	-1	-1	10	-1	7	-1	3	-1	-1	-1	-1	-1	-1	-1	-1	-1	-1	-1	8	26	27	25	21	-1	-1	-1	-1	-1	50	50	40	3	-1	-1	-1	-1	-1	0	0	0	0	0	0	0	0	0	0	0	
102	Novice Darklord	Novice Darklord	19	-1	8	-1	20	-1	26	-1	-1	-1	-1	-1	5	-1	7	-1	1	-1	30	-1	-1	-1	-1	-1	-1	-1	-1	-1	8	25	-1	-1	-1	-1	-1	-1	-1	-1	20	-1	-1	-1	-1	-1	-1	-1	-1	0	0	0	0	0	0	0	0	0	0	0	
103	Darklord	Darklord	19	-1	8	-1	20	-1	26	-1	-1	-1	-1	-1	7	-1	10	-1	3	-1	50	-1	-1	-1	-1	-1	-1	-1	-1	-1	8	25	21	-1	-1	-1	-1	-1	-1	-1	40	3	-1	-1	-1	-1	-1	-1	-1	0	0	0	0	0	0	0	0	0	0	0	
104	Novice Summoner	Novice Summoner	7	-1	19	-1	20	-1	33	-1	-1	-1	-1	-1	7	-1	7	-1	1	-1	30	-1	-1	-1	-1	-1	-1	-1	-1	-1	8	25	-1	-1	-1	-1	-1	-1	-1	-1	20	-1	-1	-1	-1	-1	-1	-1	-1	0	0	0	0	0	0	0	0	0	0	0	
105	Summoner	Summoner	7	-1	19	-1	20	-1	33	-1	-1	-1	-1	-1	10	-1	10	-1	3	-1	50	-1	-1	-1	-1	-1	-1	-1	-1	-1	8	25	21	-1	-1	-1	-1	-1	-1	-1	40	3	-1	-1	-1	-1	-1	-1	-1	0	0	0	0	0	0	0	0	0	0	0	
106	Novice Fighter	Novice Fighter	10	-1	8	-1	20	-1	-1	-1	-1	-1	-1	-1	20	-1	7	-1	1	-1	-1	-1	-1	-1	-1	-1	-1	-1	-1	-1	8	26	25	-1	-1	-1	-1	-1	-1	-1	30	20	-1	-1	-1	-1	-1	-1	-1	0	0	0	0	0	0	0	0	0	0	0	
107	Fighter	Fighter	10	-1	8	-1	20	-1	-1	-1	-1	-1	-1	-1	40	-1	10	-1	3	-1	-1	-1	-1	-1	-1	-1	-1	-1	-1	-1	8	26	25	21	-1	-1	-1	-1	-1	-1	50	40	3	-1	-1	-1	-1	-1	-1	0	0	0	0	0	0	0	0	0	0	0	
108	Novice Lancer	Novice Lancer	22	-1	8	-1	20	-1	26	-1	-1	-1	-1	-1	7	-1	7	-1	1	-1	30	-1	-1	-1	-1	-1	-1	-1	-1	-1	8	25	-1	-1	-1	-1	-1	-1	-1	-1	20	-1	-1	-1	-1	-1	-1	-1	-1	0	0	0	0	0	0	0	0	0	0	0	
109	Lancer	Lancer	22	-1	8	-1	20	-1	26	-1	-1	-1	-1	-1	10	-1	10	-1	3	-1	50	-1	-1	-1	-1	-1	-1	-1	-1	-1	8	25	21	-1	-1	-1	-1	-1	-1	-1	40	3	-1	-1	-1	-1	-1	-1	-1	0	0	0	0	0	0	0	0	0	0	0	
110	Courage's	Courage's	19	0	20	26	16	18	-1	-1	-1	-1	-1	-1	30	70	15	75	35	50	-1	-1	-1	-1	-1	-1	-1	-1	-1	-1	8	21	24	25	15	17	-1	-1	-1	-1	7	15	30	18	18	-1	-1	-1	-1	0	0	0	0	0	0	0	0	0	0	0	
111	Wisdom's	Wisdom's	19	2	20	27	16	18	-1	-1	-1	-1	-1	-1	40	70	15	75	35	50	-1	-1	-1	-1	-1	-1	-1	-1	-1	-1	8	21	24	25	15	17	-1	-1	-1	-1	7	15	40	18	18	-1	-1	-1	-1	0	0	0	0	0	0	0	0	0	0	0	
112	Speed's	Speed's	19	1	20	26	16	18	-1	-1	-1	-1	-1	-1	30	70	15	75	35	50	-1	-1	-1	-1	-1	-1	-1	-1	-1	-1	8	21	24	25	15	17	-1	-1	-1	-1	7	15	30	18	18	-1	-1	-1	-1	0	0	0	0	0	0	0	0	0	0	0	
113	Chaos's	Chaos's	19	2	20	33	16	18	-1	-1	-1	-1	-1	-1	40	70	15	75	35	50	-1	-1	-1	-1	-1	-1	-1	-1	-1	-1	8	21	24	25	15	17	-1	-1	-1	-1	7	15	40	18	18	-1	-1	-1	-1	0	0	0	0	0	0	0	0	0	0	0	
114	Determination's	Determination's	19	0	20	26	16	18	-1	-1	-1	-1	-1	-1	30	70	15	75	35	50	-1	-1	-1	-1	-1	-1	-1	-1	-1	-1	8	21	24	25	15	17	-1	-1	-1	-1	7	15	30	18	18	-1	-1	-1	-1	0	0	0	0	0	0	0	0	0	0	0	
115	Justice's	Justice's	19	0	20	26	16	18	-1	-1	-1	-1	-1	-1	30	70	15	75	35	50	-1	-1	-1	-1	-1	-1	-1	-1	-1	-1	8	21	24	25	15	17	-1	-1	-1	-1	7	15	30	18	18	-1	-1	-1	-1	0	0	0	0	0	0	0	0	0	0	0	
116	Will's	Will's	19	0	20	26	16	18	-1	-1	-1	-1	-1	-1	30	70	15	75	35	50	-1	-1	-1	-1	-1	-1	-1	-1	-1	-1	8	21	24	25	15	17	-1	-1	-1	-1	7	15	25	18	18	-1	-1	-1	-1	0	0	0	0	0	0	0	0	0	0	0	
117	Retribution's	Retribution's	19	0	20	26	16	18	-1	-1	-1	-1	-1	-1	30	70	15	75	35	50	-1	-1	-1	-1	-1	-1	-1	-1	-1	-1	8	21	24	25	15	17	-1	-1	-1	-1	7	15	25	18	18	-1	-1	-1	-1	0	0	0	0	0	0	0	0	0	0	0	
118	Protect's	Protect's	19	0	20	26	16	18	-1	-1	-1	-1	-1	-1	35	90	18	100	40	70	-1	-1	-1	-1	-1	-1	-1	-1	-1	-1	8	21	24	25	15	17	-1	-1	-1	-1	9	20	40	20	20	-1	-1	-1	-1	0	0	0	0	0	0	0	0	0	0	0	
119	Peace's	Peace's	19	2	20	27	16	18	-1	-1	-1	-1	-1	-1	50	90	18	100	40	70	-1	-1	-1	-1	-1	-1	-1	-1	-1	-1	8	21	24	25	15	17	-1	-1	-1	-1	9	20	60	20	20	-1	-1	-1	-1	0	0	0	0	0	0	0	0	0	0	0	
120	Blessing's	Blessing's	19	1	20	26	16	18	-1	-1	-1	-1	-1	-1	35	90	18	100	40	70	-1	-1	-1	-1	-1	-1	-1	-1	-1	-1	8	21	24	25	15	17	-1	-1	-1	-1	9	20	40	20	20	-1	-1	-1	-1	0	0	0	0	0	0	0	0	0	0	0	
121	Guard's	Guard's	19	2	20	33	16	18	-1	-1	-1	-1	-1	-1	50	90	18	100	40	70	-1	-1	-1	-1	-1	-1	-1	-1	-1	-1	8	21	24	25	15	17	-1	-1	-1	-1	9	20	60	20	20	-1	-1	-1	-1	0	0	0	0	0	0	0	0	0	0	0	
122	Solid's	Solid's	19	0	20	26	16	18	-1	-1	-1	-1	-1	-1	35	90	18	100	40	70	-1	-1	-1	-1	-1	-1	-1	-1	-1	-1	8	21	24	25	15	17	-1	-1	-1	-1	9	20	40	20	20	-1	-1	-1	-1	0	0	0	0	0	0	0	0	0	0	0	
123	Decisive's	Decisive's	19	0	20	26	16	18	-1	-1	-1	-1	-1	-1	35	90	18	100	40	70	-1	-1	-1	-1	-1	-1	-1	-1	-1	-1	8	21	24	25	15	17	-1	-1	-1	-1	9	20	40	20	20	-1	-1	-1	-1	0	0	0	0	0	0	0	0	0	0	0	
124	Strong's	Strong's	19	0	20	26	16	18	-1	-1	-1	-1	-1	-1	35	90	18	100	40	70	-1	-1	-1	-1	-1	-1	-1	-1	-1	-1	8	21	24	25	15	17	-1	-1	-1	-1	9	20	35	20	20	-1	-1	-1	-1	0	0	0	0	0	0	0	0	0	0	0	
125	Sacred's	Sacred's	19	0	20	26	16	18	-1	-1	-1	-1	-1	-1	35	90	18	100	40	70	-1	-1	-1	-1	-1	-1	-1	-1	-1	-1	8	21	24	25	15	17	-1	-1	-1	-1	9	20	35	20	20	-1	-1	-1	-1	0	0	0	0	0	0	0	0	0	0	0	
126	Salvation	Salvation	2	29	28	22	30	10	-1	-1	-1	-1	-1	-1	50	7	7	7	10	40	-1	-1	-1	-1	-1	-1	-1	-1	-1	-1	8	11	24	25	-1	-1	-1	-1	-1	-1	70	10	40	-1	-1	-1	-1	-1	-1	0	0	0	0	0	0	0	0	0	0	0	
127	Revival	Revival	2	29	28	22	30	10	-1	-1	-1	-1	-1	-1	70	16	16	14	20	80	-1	-1	-1	-1	-1	-1	-1	-1	-1	-1	8	11	24	25	-1	-1	-1	-1	-1	-1	150	15	65	-1	-1	-1	-1	-1	-1	0	0	0	0	0	0	0	0	0	0	0	
128	Healing	Healing	2	29	28	22	30	10	-1	-1	-1	-1	-1	-1	100	35	35	25	35	150	-1	-1	-1	-1	-1	-1	-1	-1	-1	-1	8	11	24	25	-1	-1	-1	-1	-1	-1	300	20	100	-1	-1	-1	-1	-1	-1	0	0	0	0	0	0	0	0	0	0	0	
129	Magical	Magical	19	2	20	27	15	17	-1	-1	-1	-1	-1	-1	25	50	10	50	15	15	-1	-1	-1	-1	-1	-1	-1	-1	-1	-1	8	21	24	25	16	18	-1	-1	-1	-1	5	10	20	30	30	-1	-1	-1	-1	0	0	0	0	0	0	0	0	0	0	0	
130	Fall	Fall	19	2	20	27	15	17	-1	-1	-1	-1	-1	-1	40	70	15	75	18	18	-1	-1	-1	-1	-1	-1	-1	-1	-1	-1	8	21	24	25	16	18	-1	-1	-1	-1	7	15	40	35	50	-1	-1	-1	-1	0	0	0	0	0	0	0	0	0	0	0	
131	Determination	Determination	19	2	20	27	15	17	-1	-1	-1	-1	-1	-1	50	90	18	100	20	20	-1	-1	-1	-1	-1	-1	-1	-1	-1	-1	8	21	24	25	16	18	-1	-1	-1	-1	9	20	60	40	70	-1	-1	-1	-1	0	0	0	0	0	0	0	0	0	0	0	
132	Knight Awakening	Awakening	19	0	20	120	124	123	-1	-1	-1	-1	-1	-1	40	100	18	0	4	3	-1	-1	-1	-1	-1	-1	-1	-1	-1	-1	8	21	24	122	15	17	31	-1	-1	-1	9	25	2	20	20	2	-1	-1	-1	0	0	0	0	0	0	0	0	0	0	0	
133	Wizard Awakening	Awakening	19	2	20	121	124	123	-1	-1	-1	-1	-1	-1	55	100	18	1	4	3	-1	-1	-1	-1	-1	-1	-1	-1	-1	-1	8	21	24	122	15	17	31	-1	-1	-1	9	25	2	20	20	2	-1	-1	-1	0	0	0	0	0	0	0	0	0	0	0	
134	Fairy Awakening (A)	Awakening	19	1	20	120	124	123	-1	-1	-1	-1	-1	-1	45	100	18	5	9	8	-1	-1	-1	-1	-1	-1	-1	-1	-1	-1	8	21	24	122	15	17	31	-1	-1	-1	9	25	2	20	20	2	-1	-1	-1	0	0	0	0	0	0	0	0	0	0	0	
135	Summoner Awakening	Awakening	19	2	20	131	124	123	-1	-1	-1	-1	-1	-1	55	100	18	1	4	3	-1	-1	-1	-1	-1	-1	-1	-1	-1	-1	8	21	24	122	15	17	31	-1	-1	-1	9	25	2	20	20	2	-1	-1	-1	0	0	0	0	0	0	0	0	0	0	0	
136	Magic Awakening (A)	Awakening	19	0	20	120	124	123	-1	-1	-1	-1	-1	-1	40	100	18	0	4	3	-1	-1	-1	-1	-1	-1	-1	-1	-1	-1	8	21	24	122	15	17	31	-1	-1	-1	9	25	2	20	20	2	-1	-1	-1	0	0	0	0	0	0	0	0	0	0	0	
137	Lord Awakening	Awakening	19	0	20	120	124	123	-1	-1	-1	-1	-1	-1	55	100	18	5	9	8	-1	-1	-1	-1	-1	-1	-1	-1	-1	-1	8	21	24	122	15	17	31	-1	-1	-1	9	25	2	20	20	2	-1	-1	-1	0	0	0	0	0	0	0	0	0	0	0	
138	Fighter Awakening	Awakening	19	0	20	120	124	123	-1	-1	-1	-1	-1	-1	40	100	18	0	4	3	-1	-1	-1	-1	-1	-1	-1	-1	-1	-1	8	21	24	122	15	17	31	-1	-1	-1	9	25	2	20	20	2	-1	-1	-1	0	0	0	0	0	0	0	0	0	0	0	
139	Lancer Awakening	Awakening	19	0	20	120	124	123	-1	-1	-1	-1	-1	-1	45	100	18	5	9	8	-1	-1	-1	-1	-1	-1	-1	-1	-1	-1	8	21	24	122	15	17	31	-1	-1	-1	9	25	2	20	20	2	-1	-1	-1	0	0	0	0	0	0	0	0	0	0	0	
140	Fairy Awakening (B)	Awakening	2	29	28	22	30	10	-1	-1	-1	-1	-1	-1	120	43	43	35	50	220	-1	-1	-1	-1	-1	-1	-1	-1	-1	-1	8	11	24	122	-1	-1	-1	-1	-1	-1	480	25	2	-1	-1	-1	-1	-1	-1	0	0	0	0	0	0	0	0	0	0	0	
141	Magic Awakening (B)	Awakening	19	2	20	121	124	123	-1	-1	-1	-1	-1	-1	55	100	18	1	4	3	-1	-1	-1	-1	-1	-1	-1	-1	-1	-1	8	21	24	122	15	17	31	-1	-1	-1	9	25	2	20	20	2	-1	-1	-1	0	0	0	0	0	0	0	0	0	0	0	
142	Arkadin	Arkadin	21	-1	7	-1	2	-1	-1	-1	-1	-1	-1	-1	5	-1	10	-1	30	-1	-1	-1	-1	-1	-1	-1	-1	-1	-1	-1	8	15	17	16	18	-1	-1	-1	-1	-1	15	15	20	20	-1	-1	-1	-1	-1	0	0	0	0	0	0	0	0	0	0	0	
143	Emile	Emile	20	-1	11	-1	10	-1	-1	-1	-1	-1	-1	-1	10	-1	300	-1	45	-1	-1	-1	-1	-1	-1	-1	-1	-1	-1	-1	8	19	15	17	13	-1	-1	-1	-1	-1	10	15	15	50	-1	-1	-1	-1	-1	0	0	0	0	0	0	0	0	0	0	0	
144	Plural	Plural	19	2	20	27	15	17	-1	-1	-1	-1	-1	-1	25	50	10	50	15	15	-1	-1	-1	-1	-1	-1	-1	-1	-1	-1	8	21	24	25	16	18	-1	-1	-1	-1	5	10	20	30	30	-1	-1	-1	-1	0	0	0	0	0	0	0	0	0	0	0	
145	Cool	Cool	19	2	20	27	16	18	-1	-1	-1	-1	-1	-1	40	70	15	75	35	50	-1	-1	-1	-1	-1	-1	-1	-1	-1	-1	8	21	24	25	15	17	-1	-1	-1	-1	7	15	40	18	18	-1	-1	-1	-1	0	0	0	0	0	0	0	0	0	0	0	
146	Perth's	Perth's	11	-1	19	-1	10	-1	20	-1	-1	-1	-1	-1	30	-1	25	-1	20	-1	10	-1	-1	-1	-1	-1	-1	-1	-1	-1	8	15	17	16	18	-1	-1	-1	-1	-1	10	10	10	10	-1	-1	-1	-1	-1	0	0	0	0	0	0	0	0	0	0	0	
147	Fay Hugh	Fay Hugh	11	-1	10	-1	20	-1	15	-1	-1	-1	-1	-1	50	-1	40	-1	15	-1	15	-1	-1	-1	-1	-1	-1	-1	-1	-1	8	17	16	18	21	-1	-1	-1	-1	-1	15	20	20	5	-1	-1	-1	-1	-1	0	0	0	0	0	0	0	0	0	0	0	
148	Apprentice	Apprentice	7	-1	19	-1	20	-1	27	-1	-1	-1	-1	-1	7	-1	7	-1	1	-1	30	-1	-1	-1	-1	-1	-1	-1	-1	-1	8	25	-1	-1	-1	-1	-1	-1	-1	-1	20	-1	-1	-1	-1	-1	-1	-1	-1	0	0	0	0	0	0	0	0	0	0	0	
149	Runic Magic	Runic Magic	7	-1	19	-1	20	-1	27	-1	-1	-1	-1	-1	10	-1	10	-1	3	-1	50	-1	-1	-1	-1	-1	-1	-1	-1	-1	8	25	21	-1	-1	-1	-1	-1	-1	-1	40	3	-1	-1	-1	-1	-1	-1	-1	0	0	0	0	0	0	0	0	0	0	0	
150	Knight Cold	Cold	126	127	20	120	124	123	-1	-1	-1	-1	-1	-1	21	15	18	19	23	22	-1	-1	-1	-1	-1	-1	-1	-1	-1	-1	8	21	130	122	15	17	31	125	-1	-1	9	16	18	20	20	4	17	-1	-1	0	0	0	0	0	0	0	0	0	0	0	
151	Wizard Cold	Cold	126	129	20	121	124	123	-1	-1	-1	-1	-1	-1	25	15	18	20	23	22	-1	-1	-1	-1	-1	-1	-1	-1	-1	-1	8	21	130	122	15	17	31	125	-1	-1	9	16	18	20	20	4	17	-1	-1	0	0	0	0	0	0	0	0	0	0	0	
152	Fairy Cold (A)	Cold	126	128	20	120	124	123	-1	-1	-1	-1	-1	-1	28	15	18	24	27	26	-1	-1	-1	-1	-1	-1	-1	-1	-1	-1	8	21	130	122	15	17	31	125	-1	-1	9	16	18	20	20	4	17	-1	-1	0	0	0	0	0	0	0	0	0	0	0	
153	Summoner Cold	Cold	126	129	20	131	124	123	-1	-1	-1	-1	-1	-1	25	15	18	20	23	22	-1	-1	-1	-1	-1	-1	-1	-1	-1	-1	8	21	130	122	15	17	31	125	-1	-1	9	16	18	20	20	4	17	-1	-1	0	0	0	0	0	0	0	0	0	0	0	
154	Magic Cold (A)	Cold	126	127	20	120	124	123	-1	-1	-1	-1	-1	-1	21	15	18	19	23	22	-1	-1	-1	-1	-1	-1	-1	-1	-1	-1	8	21	130	122	15	17	31	125	-1	-1	9	16	18	20	20	4	17	-1	-1	0	0	0	0	0	0	0	0	0	0	0	
155	Lord Cold	Cold	126	127	20	120	124	123	-1	-1	-1	-1	-1	-1	25	15	18	24	27	26	-1	-1	-1	-1	-1	-1	-1	-1	-1	-1	8	21	130	122	15	17	31	125	-1	-1	9	16	18	20	20	4	17	-1	-1	0	0	0	0	0	0	0	0	0	0	0	
156	Fighter Cold	Cold	126	127	20	120	124	123	-1	-1	-1	-1	-1	-1	21	15	18	19	23	22	-1	-1	-1	-1	-1	-1	-1	-1	-1	-1	8	21	130	122	15	17	31	125	-1	-1	9	16	18	20	20	4	17	-1	-1	0	0	0	0	0	0	0	0	0	0	0	
157	Lancer Cold	Cold	126	127	20	120	124	123	-1	-1	-1	-1	-1	-1	28	15	18	24	27	26	-1	-1	-1	-1	-1	-1	-1	-1	-1	-1	8	21	130	122	15	17	31	125	-1	-1	9	16	18	20	20	4	17	-1	-1	0	0	0	0	0	0	0	0	0	0	0	
158	Fairy Cold (B)	Cold	129	29	28	22	30	10	-1	-1	-1	-1	-1	-1	29	51	51	45	65	270	-1	-1	-1	-1	-1	-1	-1	-1	-1	-1	8	11	130	122	125	-1	-1	-1	-1	-1	550	16	18	17	-1	-1	-1	-1	-1	0	0	0	0	0	0	0	0	0	0	0	
159	Magic Cold (B)	Cold	126	129	20	121	124	123	-1	-1	-1	-1	-1	-1	25	29	18	20	23	22	-1	-1	-1	-1	-1	-1	-1	-1	-1	-1	8	21	130	122	15	17	31	125	-1	-1	9	16	18	20	20	4	17	-1	-1	0	0	0	0	0	0	0	0	0	0	0	
160	Obsessive	Obsessive	19	2	20	27	16	18	-1	-1	-1	-1	-1	-1	50	90	18	100	40	70	-1	-1	-1	-1	-1	-1	-1	-1	-1	-1	8	21	24	25	15	17	-1	-1	-1	-1	9	20	60	20	20	-1	-1	-1	-1	0	0	0	0	0	0	0	0	0	0	0	
161	Runic Awakening	Awakening	19	2	20	121	124	123	-1	-1	-1	-1	-1	-1	55	100	18	1	4	3	-1	-1	-1	-1	-1	-1	-1	-1	-1	-1	8	21	24	122	15	17	31	-1	-1	-1	9	25	2	20	20	2	-1	-1	-1	0	0	0	0	0	0	0	0	0	0	0	
162	Runic Cold	Cold	126	129	20	121	124	123	-1	-1	-1	-1	-1	-1	25	15	18	20	23	22	-1	-1	-1	-1	-1	-1	-1	-1	-1	-1	8	21	130	122	15	17	31	125	-1	-1	9	16	18	20	20	4	17	-1	-1	0	0	0	0	0	0	0	0	0	0	0	
163	Vesper	Vesper	11	-1	19	-1	17	-1	-1	-1	-1	-1	-1	-1	100	-1	20	-1	15	-1	-1	-1	-1	-1	-1	-1	-1	-1	-1	-1	8	15	20	-1	-1	-1	-1	-1	-1	-1	15	10	-1	-1	-1	-1	-1	-1	-1	0	0	0	0	0	0	0	0	0	0	0	
164	Molosos	Molosos	10	-1	5	6	20	-1	-1	-1	-1	-1	-1	-1	50	-1	20	30	5	-1	-1	-1	-1	-1	-1	-1	-1	-1	-1	-1	8	21	17	19	-1	-1	-1	-1	-1	-1	5	15	15	-1	-1	-1	-1	-1	-1	0	0	0	0	0	0	0	0	0	0	0	
165	Metis	Metis	11	-1	19	-1	10	-1	20	-1	-1	-1	-1	-1	30	-1	25	-1	20	-1	10	-1	-1	-1	-1	-1	-1	-1	-1	-1	8	15	17	16	18	-1	-1	-1	-1	-1	10	10	10	10	-1	-1	-1	-1	-1	0	0	0	0	0	0	0	0	0	0	0	
166	Ceres	Ceres	11	-1	10	-1	20	-1	15	-1	-1	-1	-1	-1	50	-1	40	-1	15	-1	15	-1	-1	-1	-1	-1	-1	-1	-1	-1	8	17	16	18	21	-1	-1	-1	-1	-1	15	20	20	5	-1	-1	-1	-1	-1	0	0	0	0	0	0	0	0	0	0	0	
167	Novice Slayer	Novice Slayer	19	-1	8	-1	20	-1	26	-1	-1	-1	-1	-1	5	-1	7	-1	1	-1	30	-1	-1	-1	-1	-1	-1	-1	-1	-1	8	25	-1	-1	-1	-1	-1	-1	-1	-1	20	-1	-1	-1	-1	-1	-1	-1	-1	0	0	0	0	0	0	0	0	0	0	0	
168	Slayer	Slayer	19	-1	8	-1	20	-1	26	-1	-1	-1	-1	-1	7	-1	10	-1	3	-1	50	-1	-1	-1	-1	-1	-1	-1	-1	-1	8	25	21	-1	-1	-1	-1	-1	-1	-1	40	3	-1	-1	-1	-1	-1	-1	-1	0	0	0	0	0	0	0	0	0	0	0	
169	Heartless	Heartless	19	0	20	26	15	17	-1	-1	-1	-1	-1	-1	25	50	10	50	15	15	-1	-1	-1	-1	-1	-1	-1	-1	-1	-1	8	21	24	25	16	18	-1	-1	-1	-1	5	10	20	30	30	-1	-1	-1	-1	0	0	0	0	0	0	0	0	0	0	0	
170	Harsh	Harsh	19	0	20	26	16	18	-1	-1	-1	-1	-1	-1	30	70	15	75	35	50	-1	-1	-1	-1	-1	-1	-1	-1	-1	-1	8	21	24	25	15	17	-1	-1	-1	-1	7	15	30	18	18	-1	-1	-1	-1	0	0	0	0	0	0	0	0	0	0	0	
171	Punishment	Punishment	19	0	20	26	16	18	-1	-1	-1	-1	-1	-1	35	90	18	100	40	70	-1	-1	-1	-1	-1	-1	-1	-1	-1	-1	8	21	24	25	15	17	-1	-1	-1	-1	9	20	40	20	20	-1	-1	-1	-1	0	0	0	0	0	0	0	0	0	0	0	
172	Slayer Awakening	Awakening	19	0	20	120	124	123	-1	-1	-1	-1	-1	-1	40	100	18	0	4	3	-1	-1	-1	-1	-1	-1	-1	-1	-1	-1	8	21	24	122	15	17	31	-1	-1	-1	9	25	2	20	20	2	-1	-1	-1	0	0	0	0	0	0	0	0	0	0	0	
173	Slayer Cold	Cold	126	127	20	120	124	123	-1	-1	-1	-1	-1	-1	21	15	18	19	23	22	-1	-1	-1	-1	-1	-1	-1	-1	-1	-1	8	21	130	122	15	17	31	125	-1	-1	9	16	18	20	20	4	17	-1	-1	0	0	0	0	0	0	0	0	0	0	0	
174	Knight Ancestral	Ancestral	126	127	20	120	124	123	-1	-1	-1	-1	-1	-1	36	30	18	34	38	37	-1	-1	-1	-1	-1	-1	-1	-1	-1	-1	8	21	130	122	15	17	31	125	132	-1	9	31	33	20	20	6	32	45	-1	0	0	0	0	0	0	0	0	0	0	0	
175	Wizard Ancestral	Ancestral	126	129	20	121	124	123	-1	-1	-1	-1	-1	-1	40	44	18	35	38	37	-1	-1	-1	-1	-1	-1	-1	-1	-1	-1	8	21	130	122	15	17	31	125	132	-1	9	31	33	20	20	6	32	45	-1	0	0	0	0	0	0	0	0	0	0	0	
176	Fairy Ancestral (A)	Ancestral	126	128	20	120	124	123	-1	-1	-1	-1	-1	-1	43	30	18	39	42	41	-1	-1	-1	-1	-1	-1	-1	-1	-1	-1	8	21	130	122	15	17	31	125	132	-1	9	31	33	20	20	6	32	45	-1	0	0	0	0	0	0	0	0	0	0	0	
177	Summoner Ancestral	Ancestral	126	129	20	131	124	123	-1	-1	-1	-1	-1	-1	40	44	18	35	38	37	-1	-1	-1	-1	-1	-1	-1	-1	-1	-1	8	21	130	122	15	17	31	125	132	-1	9	31	33	20	20	6	32	45	-1	0	0	0	0	0	0	0	0	0	0	0	
178	Magic  Ancestral (A)	Ancestral	126	127	20	120	124	123	-1	-1	-1	-1	-1	-1	36	30	18	34	38	37	-1	-1	-1	-1	-1	-1	-1	-1	-1	-1	8	21	130	122	15	17	31	125	132	-1	9	31	33	20	20	6	32	45	-1	0	0	0	0	0	0	0	0	0	0	0	
179	Lord Ancestral	Ancestral	126	127	20	120	124	123	-1	-1	-1	-1	-1	-1	40	30	18	39	42	41	-1	-1	-1	-1	-1	-1	-1	-1	-1	-1	8	21	130	122	15	17	31	125	132	-1	9	31	33	20	20	6	32	45	-1	0	0	0	0	0	0	0	0	0	0	0	
180	Fighter Ancestral	Ancestral	126	127	20	120	124	123	-1	-1	-1	-1	-1	-1	36	30	18	34	38	37	-1	-1	-1	-1	-1	-1	-1	-1	-1	-1	8	21	130	122	15	17	31	125	132	-1	9	31	33	20	20	6	32	45	-1	0	0	0	0	0	0	0	0	0	0	0	
181	Lancer Ancestral	Ancestral	126	127	20	120	124	123	-1	-1	-1	-1	-1	-1	43	30	18	39	42	41	-1	-1	-1	-1	-1	-1	-1	-1	-1	-1	8	21	130	122	15	17	31	125	132	-1	9	31	33	20	20	6	32	45	-1	0	0	0	0	0	0	0	0	0	0	0	
182	Fairy Ancestral (B)	Ancestral	129	29	28	22	30	10	-1	-1	-1	-1	-1	-1	44	51	51	45	65	270	-1	-1	-1	-1	-1	-1	-1	-1	-1	-1	8	11	130	122	125	132	-1	-1	-1	-1	550	31	33	32	32	-1	-1	-1	-1	0	0	0	0	0	0	0	0	0	0	0	
183	Magic Ancestral (B)	Ancestral	126	129	20	121	124	123	-1	-1	-1	-1	-1	-1	40	44	18	35	38	37	-1	-1	-1	-1	-1	-1	-1	-1	-1	-1	8	21	130	122	15	17	31	125	132	-1	9	31	33	20	20	6	32	45	-1	0	0	0	0	0	0	0	0	0	0	0	
184	Rune Ancestral	Ancestral	126	129	20	121	124	123	-1	-1	-1	-1	-1	-1	40	44	18	35	38	37	-1	-1	-1	-1	-1	-1	-1	-1	-1	-1	8	21	130	122	15	17	31	125	132	-1	9	31	33	20	20	6	32	45	-1	0	0	0	0	0	0	0	0	0	0	0	
185	Slayer Ancestral	Ancestral	126	127	20	120	124	123	-1	-1	-1	-1	-1	-1	36	30	18	34	38	37	-1	-1	-1	-1	-1	-1	-1	-1	-1	-1	8	21	130	122	15	17	31	125	132	-1	9	31	33	20	20	6	32	45	-1	0	0	0	0	0	0	0	0	0	0	0	
186			-1	-1	-1	-1	-1	-1	-1	-1	-1	-1	-1	-1	-1	-1	-1	-1	-1	-1	-1	-1	-1	-1	-1	-1	-1	-1	-1	-1	-1	-1	-1	-1	-1	-1	-1	-1	-1	-1	-1	-1	-1	-1	-1	-1	-1	-1	-1	-1	-1	-1	-1	-1	-1	-1	-1	-1	-1	-1	
187			-1	-1	-1	-1	-1	-1	-1	-1	-1	-1	-1	-1	-1	-1	-1	-1	-1	-1	-1	-1	-1	-1	-1	-1	-1	-1	-1	-1	-1	-1	-1	-1	-1	-1	-1	-1	-1	-1	-1	-1	-1	-1	-1	-1	-1	-1	-1	-1	-1	-1	-1	-1	-1	-1	-1	-1	-1	-1	
188	Defense Knight 1st	Defensive	19	3	20	10	15	17	-1	-1	-1	-1	-1	-1	10	80	5	30	5	5	-1	-1	-1	-1	-1	-1	-1	-1	-1	-1	8	34	24	25	35	36	-1	-1	-1	-1	50	10	20	5	10	-1	-1	-1	-1	0	0	0	0	0	0	0	0	0	0	0	
189	Defense Knight 2nd	Conviction	19	3	20	10	15	17	-1	-1	-1	-1	-1	-1	14	120	10	60	10	10	-1	-1	-1	-1	-1	-1	-1	-1	-1	-1	8	34	24	25	35	36	-1	-1	-1	-1	80	15	30	8	14	-1	-1	-1	-1	0	0	0	0	0	0	0	0	0	0	0	
190	Defense Knight 3rd	Conversion	19	3	20	10	15	17	-1	-1	-1	-1	-1	-1	18	160	15	90	15	15	-1	-1	-1	-1	-1	-1	-1	-1	-1	-1	8	34	24	25	35	36	-1	-1	-1	-1	110	20	40	12	18	-1	-1	-1	-1	0	0	0	0	0	0	0	0	0	0	0	
191	Defense Knight 4th	Awakening	19	3	20	10	15	17	-1	-1	-1	-1	-1	-1	22	200	18	120	20	20	-1	-1	-1	-1	-1	-1	-1	-1	-1	-1	8	34	24	122	35	36	31	-1	-1	-1	140	25	2	17	22	1	-1	-1	-1	0	0	0	0	0	0	0	0	0	0	0	
192	Defense Knight 5th	Cold	126	3	20	10	15	17	-1	-1	-1	-1	-1	-1	21	240	18	150	25	25	-1	-1	-1	-1	-1	-1	-1	-1	-1	-1	8	34	130	122	35	36	31	125	-1	-1	170	16	18	23	26	2	17	-1	-1	0	0	0	0	0	0	0	0	0	0	0	
193	Defense Knight 6th	Ancestral	126	3	20	10	15	17	-1	-1	-1	-1	-1	-1	36	280	18	180	30	30	-1	-1	-1	-1	-1	-1	-1	-1	-1	-1	8	34	130	122	35	36	31	125	132	-1	200	31	33	30	30	3	32	45	-1	0	0	0	0	0	0	0	0	0	0	0	
194	Gunner General 1	Burning	10	-1	20	-1	19	-1	-1	-1	-1	-1	-1	-1	25	-1	10	-1	20	-1	-1	-1	-1	-1	-1	-1	-1	-1	-1	-1	8	15	17	16	18	-1	-1	-1	-1	-1	15	15	20	20	-1	-1	-1	-1	-1	0	0	0	0	0	0	0	0	0	0	0	
195	Gunner General 2	Falcon's	19	-1	7	-1	20	-1	-1	-1	-1	-1	-1	-1	15	-1	15	-1	10	-1	-1	-1	-1	-1	-1	-1	-1	-1	-1	-1	8	5	6	21	-1	-1	-1	-1	-1	-1	20	30	5	-1	-1	-1	-1	-1	-1	0	0	0	0	0	0	0	0	0	0	0	
196	Gunner 1st	Conscious	19	2	20	27	15	17	-1	-1	-1	-1	-1	-1	25	50	10	50	15	15	-1	-1	-1	-1	-1	-1	-1	-1	-1	-1	8	21	24	25	16	18	-1	-1	-1	-1	5	10	20	30	30	-1	-1	-1	-1	0	0	0	0	0	0	0	0	0	0	0	
197			-1	-1	-1	-1	-1	-1	-1	-1	-1	-1	-1	-1	-1	-1	-1	-1	-1	-1	-1	-1	-1	-1	-1	-1	-1	-1	-1	-1	-1	-1	-1	-1	-1	-1	-1	-1	-1	-1	-1	-1	-1	-1	-1	-1	-1	-1	-1	-1	-1	-1	-1	-1	-1	-1	-1	-1	-1	-1	
198			-1	-1	-1	-1	-1	-1	-1	-1	-1	-1	-1	-1	-1	-1	-1	-1	-1	-1	-1	-1	-1	-1	-1	-1	-1	-1	-1	-1	-1	-1	-1	-1	-1	-1	-1	-1	-1	-1	-1	-1	-1	-1	-1	-1	-1	-1	-1	-1	-1	-1	-1	-1	-1	-1	-1	-1	-1	-1	
199			-1	-1	-1	-1	-1	-1	-1	-1	-1	-1	-1	-1	-1	-1	-1	-1	-1	-1	-1	-1	-1	-1	-1	-1	-1	-1	-1	-1	-1	-1	-1	-1	-1	-1	-1	-1	-1	-1	-1	-1	-1	-1	-1	-1	-1	-1	-1	-1	-1	-1	-1	-1	-1	-1	-1	-1	-1	-1	
200			-1	-1	-1	-1	-1	-1	-1	-1	-1	-1	-1	-1	-1	-1	-1	-1	-1	-1	-1	-1	-1	-1	-1	-1	-1	-1	-1	-1	-1	-1	-1	-1	-1	-1	-1	-1	-1	-1	-1	-1	-1	-1	-1	-1	-1	-1	-1	-1	-1	-1	-1	-1	-1	-1	-1	-1	-1	-1	
201			-1	-1	-1	-1	-1	-1	-1	-1	-1	-1	-1	-1	-1	-1	-1	-1	-1	-1	-1	-1	-1	-1	-1	-1	-1	-1	-1	-1	-1	-1	-1	-1	-1	-1	-1	-1	-1	-1	-1	-1	-1	-1	-1	-1	-1	-1	-1	-1	-1	-1	-1	-1	-1	-1	-1	-1	-1	-1	
202	Gunner Lucky 1	Baiwen's	11	-1	19	-1	10	-1	20	-1	-1	-1	-1	-1	30	-1	25	-1	20	-1	10	-1	-1	-1	-1	-1	-1	-1	-1	-1	8	15	17	16	18	-1	-1	-1	-1	-1	10	10	10	10	-1	-1	-1	-1	-1	0	0	0	0	0	0	0	0	0	0	0	
203	Gunner Lucky 2	Cannon's	11	-1	10	-1	20	-1	15	-1	-1	-1	-1	-1	50	-1	40	-1	15	-1	15	-1	-1	-1	-1	-1	-1	-1	-1	-1	8	17	16	18	21	-1	-1	-1	-1	-1	15	20	20	5	-1	-1	-1	-1	-1	0	0	0	0	0	0	0	0	0	0	0	
204	Apprenticeship	Apprenticeship	7	-1	19	-1	20	-1	27	-1	-1	-1	-1	-1	7	-1	7	-1	1	-1	30	-1	-1	-1	-1	-1	-1	-1	-1	-1	8	25	-1	-1	-1	-1	-1	-1	-1	-1	20	-1	-1	-1	-1	-1	-1	-1	-1	0	0	0	0	0	0	0	0	0	0	0	
205	Skilled Gunner	Skilled Gunner	7	-1	19	-1	20	-1	27	-1	-1	-1	-1	-1	10	-1	10	-1	3	-1	50	-1	-1	-1	-1	-1	-1	-1	-1	-1	8	25	21	-1	-1	-1	-1	-1	-1	-1	40	3	-1	-1	-1	-1	-1	-1	-1	0	0	0	0	0	0	0	0	0	0	0	
206			-1	-1	-1	-1	-1	-1	-1	-1	-1	-1	-1	-1	-1	-1	-1	-1	-1	-1	-1	-1	-1	-1	-1	-1	-1	-1	-1	-1	-1	-1	-1	-1	-1	-1	-1	-1	-1	-1	-1	-1	-1	-1	-1	-1	-1	-1	-1	-1	-1	-1	-1	-1	-1	-1	-1	-1	-1	-1	
207			-1	-1	-1	-1	-1	-1	-1	-1	-1	-1	-1	-1	-1	-1	-1	-1	-1	-1	-1	-1	-1	-1	-1	-1	-1	-1	-1	-1	-1	-1	-1	-1	-1	-1	-1	-1	-1	-1	-1	-1	-1	-1	-1	-1	-1	-1	-1	-1	-1	-1	-1	-1	-1	-1	-1	-1	-1	-1	
208			-1	-1	-1	-1	-1	-1	-1	-1	-1	-1	-1	-1	-1	-1	-1	-1	-1	-1	-1	-1	-1	-1	-1	-1	-1	-1	-1	-1	-1	-1	-1	-1	-1	-1	-1	-1	-1	-1	-1	-1	-1	-1	-1	-1	-1	-1	-1	-1	-1	-1	-1	-1	-1	-1	-1	-1	-1	-1	
209			-1	-1	-1	-1	-1	-1	-1	-1	-1	-1	-1	-1	-1	-1	-1	-1	-1	-1	-1	-1	-1	-1	-1	-1	-1	-1	-1	-1	-1	-1	-1	-1	-1	-1	-1	-1	-1	-1	-1	-1	-1	-1	-1	-1	-1	-1	-1	-1	-1	-1	-1	-1	-1	-1	-1	-1	-1	-1	
210			-1	-1	-1	-1	-1	-1	-1	-1	-1	-1	-1	-1	-1	-1	-1	-1	-1	-1	-1	-1	-1	-1	-1	-1	-1	-1	-1	-1	-1	-1	-1	-1	-1	-1	-1	-1	-1	-1	-1	-1	-1	-1	-1	-1	-1	-1	-1	-1	-1	-1	-1	-1	-1	-1	-1	-1	-1	-1	
211			-1	-1	-1	-1	-1	-1	-1	-1	-1	-1	-1	-1	-1	-1	-1	-1	-1	-1	-1	-1	-1	-1	-1	-1	-1	-1	-1	-1	-1	-1	-1	-1	-1	-1	-1	-1	-1	-1	-1	-1	-1	-1	-1	-1	-1	-1	-1	-1	-1	-1	-1	-1	-1	-1	-1	-1	-1	-1	
212			-1	-1	-1	-1	-1	-1	-1	-1	-1	-1	-1	-1	-1	-1	-1	-1	-1	-1	-1	-1	-1	-1	-1	-1	-1	-1	-1	-1	-1	-1	-1	-1	-1	-1	-1	-1	-1	-1	-1	-1	-1	-1	-1	-1	-1	-1	-1	-1	-1	-1	-1	-1	-1	-1	-1	-1	-1	-1	
213			-1	-1	-1	-1	-1	-1	-1	-1	-1	-1	-1	-1	-1	-1	-1	-1	-1	-1	-1	-1	-1	-1	-1	-1	-1	-1	-1	-1	-1	-1	-1	-1	-1	-1	-1	-1	-1	-1	-1	-1	-1	-1	-1	-1	-1	-1	-1	-1	-1	-1	-1	-1	-1	-1	-1	-1	-1	-1	
214			-1	-1	-1	-1	-1	-1	-1	-1	-1	-1	-1	-1	-1	-1	-1	-1	-1	-1	-1	-1	-1	-1	-1	-1	-1	-1	-1	-1	-1	-1	-1	-1	-1	-1	-1	-1	-1	-1	-1	-1	-1	-1	-1	-1	-1	-1	-1	-1	-1	-1	-1	-1	-1	-1	-1	-1	-1	-1	
215			-1	-1	-1	-1	-1	-1	-1	-1	-1	-1	-1	-1	-1	-1	-1	-1	-1	-1	-1	-1	-1	-1	-1	-1	-1	-1	-1	-1	-1	-1	-1	-1	-1	-1	-1	-1	-1	-1	-1	-1	-1	-1	-1	-1	-1	-1	-1	-1	-1	-1	-1	-1	-1	-1	-1	-1	-1	-1	
216			-1	-1	-1	-1	-1	-1	-1	-1	-1	-1	-1	-1	-1	-1	-1	-1	-1	-1	-1	-1	-1	-1	-1	-1	-1	-1	-1	-1	-1	-1	-1	-1	-1	-1	-1	-1	-1	-1	-1	-1	-1	-1	-1	-1	-1	-1	-1	-1	-1	-1	-1	-1	-1	-1	-1	-1	-1	-1	
217			-1	-1	-1	-1	-1	-1	-1	-1	-1	-1	-1	-1	-1	-1	-1	-1	-1	-1	-1	-1	-1	-1	-1	-1	-1	-1	-1	-1	-1	-1	-1	-1	-1	-1	-1	-1	-1	-1	-1	-1	-1	-1	-1	-1	-1	-1	-1	-1	-1	-1	-1	-1	-1	-1	-1	-1	-1	-1	
218			-1	-1	-1	-1	-1	-1	-1	-1	-1	-1	-1	-1	-1	-1	-1	-1	-1	-1	-1	-1	-1	-1	-1	-1	-1	-1	-1	-1	-1	-1	-1	-1	-1	-1	-1	-1	-1	-1	-1	-1	-1	-1	-1	-1	-1	-1	-1	-1	-1	-1	-1	-1	-1	-1	-1	-1	-1	-1	
219			-1	-1	-1	-1	-1	-1	-1	-1	-1	-1	-1	-1	-1	-1	-1	-1	-1	-1	-1	-1	-1	-1	-1	-1	-1	-1	-1	-1	-1	-1	-1	-1	-1	-1	-1	-1	-1	-1	-1	-1	-1	-1	-1	-1	-1	-1	-1	-1	-1	-1	-1	-1	-1	-1	-1	-1	-1	-1	
220			-1	-1	-1	-1	-1	-1	-1	-1	-1	-1	-1	-1	-1	-1	-1	-1	-1	-1	-1	-1	-1	-1	-1	-1	-1	-1	-1	-1	-1	-1	-1	-1	-1	-1	-1	-1	-1	-1	-1	-1	-1	-1	-1	-1	-1	-1	-1	-1	-1	-1	-1	-1	-1	-1	-1	-1	-1	-1	
221			-1	-1	-1	-1	-1	-1	-1	-1	-1	-1	-1	-1	-1	-1	-1	-1	-1	-1	-1	-1	-1	-1	-1	-1	-1	-1	-1	-1	-1	-1	-1	-1	-1	-1	-1	-1	-1	-1	-1	-1	-1	-1	-1	-1	-1	-1	-1	-1	-1	-1	-1	-1	-1	-1	-1	-1	-1	-1	
222			-1	-1	-1	-1	-1	-1	-1	-1	-1	-1	-1	-1	-1	-1	-1	-1	-1	-1	-1	-1	-1	-1	-1	-1	-1	-1	-1	-1	-1	-1	-1	-1	-1	-1	-1	-1	-1	-1	-1	-1	-1	-1	-1	-1	-1	-1	-1	-1	-1	-1	-1	-1	-1	-1	-1	-1	-1	-1	
223			-1	-1	-1	-1	-1	-1	-1	-1	-1	-1	-1	-1	-1	-1	-1	-1	-1	-1	-1	-1	-1	-1	-1	-1	-1	-1	-1	-1	-1	-1	-1	-1	-1	-1	-1	-1	-1	-1	-1	-1	-1	-1	-1	-1	-1	-1	-1	-1	-1	-1	-1	-1	-1	-1	-1	-1	-1	-1	
224			-1	-1	-1	-1	-1	-1	-1	-1	-1	-1	-1	-1	-1	-1	-1	-1	-1	-1	-1	-1	-1	-1	-1	-1	-1	-1	-1	-1	-1	-1	-1	-1	-1	-1	-1	-1	-1	-1	-1	-1	-1	-1	-1	-1	-1	-1	-1	-1	-1	-1	-1	-1	-1	-1	-1	-1	-1	-1	
225			-1	-1	-1	-1	-1	-1	-1	-1	-1	-1	-1	-1	-1	-1	-1	-1	-1	-1	-1	-1	-1	-1	-1	-1	-1	-1	-1	-1	-1	-1	-1	-1	-1	-1	-1	-1	-1	-1	-1	-1	-1	-1	-1	-1	-1	-1	-1	-1	-1	-1	-1	-1	-1	-1	-1	-1	-1	-1	
226			-1	-1	-1	-1	-1	-1	-1	-1	-1	-1	-1	-1	-1	-1	-1	-1	-1	-1	-1	-1	-1	-1	-1	-1	-1	-1	-1	-1	-1	-1	-1	-1	-1	-1	-1	-1	-1	-1	-1	-1	-1	-1	-1	-1	-1	-1	-1	-1	-1	-1	-1	-1	-1	-1	-1	-1	-1	-1	
227			-1	-1	-1	-1	-1	-1	-1	-1	-1	-1	-1	-1	-1	-1	-1	-1	-1	-1	-1	-1	-1	-1	-1	-1	-1	-1	-1	-1	-1	-1	-1	-1	-1	-1	-1	-1	-1	-1	-1	-1	-1	-1	-1	-1	-1	-1	-1	-1	-1	-1	-1	-1	-1	-1	-1	-1	-1	-1	
228			-1	-1	-1	-1	-1	-1	-1	-1	-1	-1	-1	-1	-1	-1	-1	-1	-1	-1	-1	-1	-1	-1	-1	-1	-1	-1	-1	-1	-1	-1	-1	-1	-1	-1	-1	-1	-1	-1	-1	-1	-1	-1	-1	-1	-1	-1	-1	-1	-1	-1	-1	-1	-1	-1	-1	-1	-1	-1	
229			-1	-1	-1	-1	-1	-1	-1	-1	-1	-1	-1	-1	-1	-1	-1	-1	-1	-1	-1	-1	-1	-1	-1	-1	-1	-1	-1	-1	-1	-1	-1	-1	-1	-1	-1	-1	-1	-1	-1	-1	-1	-1	-1	-1	-1	-1	-1	-1	-1	-1	-1	-1	-1	-1	-1	-1	-1	-1	
230			-1	-1	-1	-1	-1	-1	-1	-1	-1	-1	-1	-1	-1	-1	-1	-1	-1	-1	-1	-1	-1	-1	-1	-1	-1	-1	-1	-1	-1	-1	-1	-1	-1	-1	-1	-1	-1	-1	-1	-1	-1	-1	-1	-1	-1	-1	-1	-1	-1	-1	-1	-1	-1	-1	-1	-1	-1	-1	
231			-1	-1	-1	-1	-1	-1	-1	-1	-1	-1	-1	-1	-1	-1	-1	-1	-1	-1	-1	-1	-1	-1	-1	-1	-1	-1	-1	-1	-1	-1	-1	-1	-1	-1	-1	-1	-1	-1	-1	-1	-1	-1	-1	-1	-1	-1	-1	-1	-1	-1	-1	-1	-1	-1	-1	-1	-1	-1	
232			-1	-1	-1	-1	-1	-1	-1	-1	-1	-1	-1	-1	-1	-1	-1	-1	-1	-1	-1	-1	-1	-1	-1	-1	-1	-1	-1	-1	-1	-1	-1	-1	-1	-1	-1	-1	-1	-1	-1	-1	-1	-1	-1	-1	-1	-1	-1	-1	-1	-1	-1	-1	-1	-1	-1	-1	-1	-1	
233			-1	-1	-1	-1	-1	-1	-1	-1	-1	-1	-1	-1	-1	-1	-1	-1	-1	-1	-1	-1	-1	-1	-1	-1	-1	-1	-1	-1	-1	-1	-1	-1	-1	-1	-1	-1	-1	-1	-1	-1	-1	-1	-1	-1	-1	-1	-1	-1	-1	-1	-1	-1	-1	-1	-1	-1	-1	-1	
234			-1	-1	-1	-1	-1	-1	-1	-1	-1	-1	-1	-1	-1	-1	-1	-1	-1	-1	-1	-1	-1	-1	-1	-1	-1	-1	-1	-1	-1	-1	-1	-1	-1	-1	-1	-1	-1	-1	-1	-1	-1	-1	-1	-1	-1	-1	-1	-1	-1	-1	-1	-1	-1	-1	-1	-1	-1	-1	
235			-1	-1	-1	-1	-1	-1	-1	-1	-1	-1	-1	-1	-1	-1	-1	-1	-1	-1	-1	-1	-1	-1	-1	-1	-1	-1	-1	-1	-1	-1	-1	-1	-1	-1	-1	-1	-1	-1	-1	-1	-1	-1	-1	-1	-1	-1	-1	-1	-1	-1	-1	-1	-1	-1	-1	-1	-1	-1	
236			-1	-1	-1	-1	-1	-1	-1	-1	-1	-1	-1	-1	-1	-1	-1	-1	-1	-1	-1	-1	-1	-1	-1	-1	-1	-1	-1	-1	-1	-1	-1	-1	-1	-1	-1	-1	-1	-1	-1	-1	-1	-1	-1	-1	-1	-1	-1	-1	-1	-1	-1	-1	-1	-1	-1	-1	-1	-1	
237			-1	-1	-1	-1	-1	-1	-1	-1	-1	-1	-1	-1	-1	-1	-1	-1	-1	-1	-1	-1	-1	-1	-1	-1	-1	-1	-1	-1	-1	-1	-1	-1	-1	-1	-1	-1	-1	-1	-1	-1	-1	-1	-1	-1	-1	-1	-1	-1	-1	-1	-1	-1	-1	-1	-1	-1	-1	-1	
238			-1	-1	-1	-1	-1	-1	-1	-1	-1	-1	-1	-1	-1	-1	-1	-1	-1	-1	-1	-1	-1	-1	-1	-1	-1	-1	-1	-1	-1	-1	-1	-1	-1	-1	-1	-1	-1	-1	-1	-1	-1	-1	-1	-1	-1	-1	-1	-1	-1	-1	-1	-1	-1	-1	-1	-1	-1	-1	
239			-1	-1	-1	-1	-1	-1	-1	-1	-1	-1	-1	-1	-1	-1	-1	-1	-1	-1	-1	-1	-1	-1	-1	-1	-1	-1	-1	-1	-1	-1	-1	-1	-1	-1	-1	-1	-1	-1	-1	-1	-1	-1	-1	-1	-1	-1	-1	-1	-1	-1	-1	-1	-1	-1	-1	-1	-1	-1	
240			-1	-1	-1	-1	-1	-1	-1	-1	-1	-1	-1	-1	-1	-1	-1	-1	-1	-1	-1	-1	-1	-1	-1	-1	-1	-1	-1	-1	-1	-1	-1	-1	-1	-1	-1	-1	-1	-1	-1	-1	-1	-1	-1	-1	-1	-1	-1	-1	-1	-1	-1	-1	-1	-1	-1	-1	-1	-1	
241			-1	-1	-1	-1	-1	-1	-1	-1	-1	-1	-1	-1	-1	-1	-1	-1	-1	-1	-1	-1	-1	-1	-1	-1	-1	-1	-1	-1	-1	-1	-1	-1	-1	-1	-1	-1	-1	-1	-1	-1	-1	-1	-1	-1	-1	-1	-1	-1	-1	-1	-1	-1	-1	-1	-1	-1	-1	-1	
242			-1	-1	-1	-1	-1	-1	-1	-1	-1	-1	-1	-1	-1	-1	-1	-1	-1	-1	-1	-1	-1	-1	-1	-1	-1	-1	-1	-1	-1	-1	-1	-1	-1	-1	-1	-1	-1	-1	-1	-1	-1	-1	-1	-1	-1	-1	-1	-1	-1	-1	-1	-1	-1	-1	-1	-1	-1	-1	
243			-1	-1	-1	-1	-1	-1	-1	-1	-1	-1	-1	-1	-1	-1	-1	-1	-1	-1	-1	-1	-1	-1	-1	-1	-1	-1	-1	-1	-1	-1	-1	-1	-1	-1	-1	-1	-1	-1	-1	-1	-1	-1	-1	-1	-1	-1	-1	-1	-1	-1	-1	-1	-1	-1	-1	-1	-1	-1	
244			-1	-1	-1	-1	-1	-1	-1	-1	-1	-1	-1	-1	-1	-1	-1	-1	-1	-1	-1	-1	-1	-1	-1	-1	-1	-1	-1	-1	-1	-1	-1	-1	-1	-1	-1	-1	-1	-1	-1	-1	-1	-1	-1	-1	-1	-1	-1	-1	-1	-1	-1	-1	-1	-1	-1	-1	-1	-1	
245			-1	-1	-1	-1	-1	-1	-1	-1	-1	-1	-1	-1	-1	-1	-1	-1	-1	-1	-1	-1	-1	-1	-1	-1	-1	-1	-1	-1	-1	-1	-1	-1	-1	-1	-1	-1	-1	-1	-1	-1	-1	-1	-1	-1	-1	-1	-1	-1	-1	-1	-1	-1	-1	-1	-1	-1	-1	-1	
246			-1	-1	-1	-1	-1	-1	-1	-1	-1	-1	-1	-1	-1	-1	-1	-1	-1	-1	-1	-1	-1	-1	-1	-1	-1	-1	-1	-1	-1	-1	-1	-1	-1	-1	-1	-1	-1	-1	-1	-1	-1	-1	-1	-1	-1	-1	-1	-1	-1	-1	-1	-1	-1	-1	-1	-1	-1	-1	
247			-1	-1	-1	-1	-1	-1	-1	-1	-1	-1	-1	-1	-1	-1	-1	-1	-1	-1	-1	-1	-1	-1	-1	-1	-1	-1	-1	-1	-1	-1	-1	-1	-1	-1	-1	-1	-1	-1	-1	-1	-1	-1	-1	-1	-1	-1	-1	-1	-1	-1	-1	-1	-1	-1	-1	-1	-1	-1	
248			-1	-1	-1	-1	-1	-1	-1	-1	-1	-1	-1	-1	-1	-1	-1	-1	-1	-1	-1	-1	-1	-1	-1	-1	-1	-1	-1	-1	-1	-1	-1	-1	-1	-1	-1	-1	-1	-1	-1	-1	-1	-1	-1	-1	-1	-1	-1	-1	-1	-1	-1	-1	-1	-1	-1	-1	-1	-1	
249			-1	-1	-1	-1	-1	-1	-1	-1	-1	-1	-1	-1	-1	-1	-1	-1	-1	-1	-1	-1	-1	-1	-1	-1	-1	-1	-1	-1	-1	-1	-1	-1	-1	-1	-1	-1	-1	-1	-1	-1	-1	-1	-1	-1	-1	-1	-1	-1	-1	-1	-1	-1	-1	-1	-1	-1	-1	-1	
250			-1	-1	-1	-1	-1	-1	-1	-1	-1	-1	-1	-1	-1	-1	-1	-1	-1	-1	-1	-1	-1	-1	-1	-1	-1	-1	-1	-1	-1	-1	-1	-1	-1	-1	-1	-1	-1	-1	-1	-1	-1	-1	-1	-1	-1	-1	-1	-1	-1	-1	-1	-1	-1	-1	-1	-1	-1	-1	
251			-1	-1	-1	-1	-1	-1	-1	-1	-1	-1	-1	-1	-1	-1	-1	-1	-1	-1	-1	-1	-1	-1	-1	-1	-1	-1	-1	-1	-1	-1	-1	-1	-1	-1	-1	-1	-1	-1	-1	-1	-1	-1	-1	-1	-1	-1	-1	-1	-1	-1	-1	-1	-1	-1	-1	-1	-1	-1	
252			-1	-1	-1	-1	-1	-1	-1	-1	-1	-1	-1	-1	-1	-1	-1	-1	-1	-1	-1	-1	-1	-1	-1	-1	-1	-1	-1	-1	-1	-1	-1	-1	-1	-1	-1	-1	-1	-1	-1	-1	-1	-1	-1	-1	-1	-1	-1	-1	-1	-1	-1	-1	-1	-1	-1	-1	-1	-1	
253			-1	-1	-1	-1	-1	-1	-1	-1	-1	-1	-1	-1	-1	-1	-1	-1	-1	-1	-1	-1	-1	-1	-1	-1	-1	-1	-1	-1	-1	-1	-1	-1	-1	-1	-1	-1	-1	-1	-1	-1	-1	-1	-1	-1	-1	-1	-1	-1	-1	-1	-1	-1	-1	-1	-1	-1	-1	-1	
254			-1	-1	-1	-1	-1	-1	-1	-1	-1	-1	-1	-1	-1	-1	-1	-1	-1	-1	-1	-1	-1	-1	-1	-1	-1	-1	-1	-1	-1	-1	-1	-1	-1	-1	-1	-1	-1	-1	-1	-1	-1	-1	-1	-1	-1	-1	-1	-1	-1	-1	-1	-1	-1	-1	-1	-1	-1	-1	
